1681349851.9751701 0.9828990697860718 -0.05097062140703201 -0.17694997787475586 0.04441273212432861 0.05216876044869423 0.99863600730896 0.0021221996285021305 0.006176713854074478 0.1766004115343094 -0.011317168362438679 0.9842175245285034 0.02758997306227684
1681349852.1759245 0.9835994243621826 -0.05012809485197067 -0.17326080799102783 0.041549284011125565 0.05152153596282005 0.9986655712127686 0.003551590023562312 0.005142255686223507 0.1728515475988388 -0.012420005165040493 0.9848695993423462 0.020126430317759514
1681349852.2852776 0.9829211831092834 -0.05032479017972946 -0.1770123839378357 0.04548002779483795 0.05148635432124138 0.9986717700958252 0.0019720697309821844 0.006165442988276482 0.17667803168296814 -0.011052112095057964 0.9842066764831543 0.029687561094760895
1681349852.3481026 0.9830355644226074 -0.05025080218911171 -0.1763969510793686 0.04436502978205681 0.05132639408111572 0.9986807703971863 0.001537244999781251 0.006248346529901028 0.17608699202537537 -0.010564985685050488 0.9843178987503052 0.031144307926297188
1681349852.406336 0.9830833673477173 -0.050124429166316986 -0.17616648972034454 0.04436127468943596 0.05124473199248314 0.9986844658851624 0.0018128040246665478 0.0062328665517270565 0.17584387958049774 -0.010809742845594883 0.9843587279319763 0.03112628683447838
1681349852.4666598 0.9830536246299744 -0.050151169300079346 -0.17632487416267395 0.044421251863241196 0.051268886774778366 0.9986832737922668 0.0017860733205452561 0.006352306809276342 0.1760031282901764 -0.010795786045491695 0.984330415725708 0.0311170294880867
1681349852.5258207 0.983043909072876 -0.05009225755929947 -0.17639577388763428 0.04440920799970627 0.05120186135172844 0.9986867904663086 0.0017415275797247887 0.006257080938667059 0.17607690393924713 -0.010743790306150913 0.9843177795410156 0.031109459698200226
1681349852.584448 0.9830556511878967 -0.05015123263001442 -0.17631347477436066 0.044353220611810684 0.05123003572225571 0.9986856579780579 0.0015691363951191306 0.0064046080224215984 0.17600305378437042 -0.010575094260275364 0.984332799911499 0.03113125078380108
1681349852.6408157 0.9830397963523865 -0.05033745989203453 -0.17634892463684082 0.04442187398672104 0.05147576704621315 0.9986724853515625 0.0018831476336345077 0.006395336706191301 0.17602002620697021 -0.010928905569016933 0.9843259453773499 0.031069213524460793
1681349852.6970575 0.9830679893493652 -0.049737706780433655 -0.17636175453662872 0.04439820721745491 0.05085502937436104 0.9987043738365173 0.0018183356150984764 0.006389406975358725 0.1760428100824356 -0.01075642928481102 0.9843237400054932 0.03109278343617916
1681349852.7550673 0.9830520153045654 -0.05028896406292915 -0.17629453539848328 0.044372666627168655 0.05142398923635483 0.9986751675605774 0.00187253812327981 0.006336982827633619 0.1759667992591858 -0.010906570591032505 0.9843356609344482 0.031118083745241165
1681349852.8171394 0.9830771088600159 -0.05006014555692673 -0.17621976137161255 0.044153470546007156 0.05117321386933327 0.9986882209777832 0.0017747037345543504 0.006400220561772585 0.17589975893497467 -0.010762401856482029 0.984349250793457 0.03128734230995178
1681349852.8771179 0.9830468893051147 -0.050180621445178986 -0.17635400593280792 0.04434126242995262 0.05127901956439018 0.998682975769043 0.0016736218240112066 0.0063970922492444515 0.1760377585887909 -0.010688508860766888 0.9843254089355469 0.03114871308207512
1681349852.9365833 0.9830681681632996 -0.05005404353141785 -0.17627130448818207 0.04441405087709427 0.05116187036037445 0.9986888766288757 0.0017427153652533889 0.0063635194674134254 0.1759529560804367 -0.01073157787322998 0.9843400716781616 0.03108367882668972
1681349852.9945185 0.9830625653266907 -0.05013120919466019 -0.17628048360347748 0.044346291571855545 0.05123321712017059 0.9986852407455444 0.0017027311259880662 0.0063996873795986176 0.1759633719921112 -0.010705307126045227 0.9843385219573975 0.03113429620862007
1681349853.0526214 0.9830477833747864 -0.050168778747320175 -0.17635223269462585 0.04440448805689812 0.05129740759730339 0.9986817240715027 0.0018438124097883701 0.006357400678098202 0.17602725327014923 -0.010858967900276184 0.9843254089355469 0.03108472190797329
1681349853.1138463 0.9830769300460815 -0.05024680867791176 -0.17616771161556244 0.04428831860423088 0.05133222043514252 0.9986803531646729 0.0016065447125583887 0.006422591395676136 0.17585450410842896 -0.010622437112033367 0.9843588471412659 0.031152745708823204
1681349853.1720488 0.9835259914398193 -0.04934779927134514 -0.17390045523643494 0.044052284210920334 0.05037495866417885 0.9987292289733887 0.0014950629556551576 0.006394584663212299 0.17360569536685944 -0.010230661369860172 0.9847620725631714 0.03126619756221771
1681349853.2304568 0.9856510162353516 -0.045678019523620605 -0.16249802708625793 0.043100759387016296 0.04644805192947388 0.9989202618598938 0.0009407427278347313 0.006360238883644342 0.16227959096431732 -0.008474960923194885 0.986708402633667 0.03219519183039665
1681349853.2881863 0.9933873414993286 -0.0421791635453701 -0.10678260028362274 0.0033675304148346186 0.043186064809560776 0.9990415573120117 0.007133692968636751 0.0010780246229842305 0.10637934505939484 -0.011698040179908276 0.9942567944526672 0.0013333730166777968
1681349853.348805 0.9903329610824585 -0.03438346087932587 -0.13438163697719574 0.04104587808251381 0.03469428792595863 0.9993979930877686 -2.8758362532244064e-05 0.006349852774292231 0.13430172204971313 -0.004633795004338026 0.9909296631813049 0.03352266177535057
1681349853.4089847 0.9923231601715088 -0.028548430651426315 -0.12033151835203171 0.039477672427892685 0.028634505346417427 0.9995894432067871 -0.0010140836238861084 0.006345666479319334 0.12031106650829315 -0.0024393347557634115 0.9927332401275635 0.034846920520067215
1681349853.4677124 0.9942481517791748 -0.023211056366562843 -0.10455568879842758 0.03674905002117157 0.023064156994223595 0.9997305870056152 -0.002613993361592293 0.006293630693107843 0.10458819568157196 0.0001874692243291065 0.994515597820282 0.03709322586655617
1681349853.528194 0.9973029494285583 -0.01703258976340294 -0.07139040529727936 0.02175457403063774 0.016685299575328827 0.9998459219932556 -0.005458240397274494 0.007988054305315018 0.07147236913442612 0.004252348095178604 0.9974335432052612 0.023321134969592094
1681349853.5877953 0.9986903667449951 -0.01015504077076912 -0.05014440417289734 0.015800630673766136 0.009898282587528229 0.9999366402626038 -0.005366052035242319 0.006782617419958115 0.05019572004675865 0.004862681031227112 0.998727560043335 0.0279744490981102
1681349853.6490107 0.9994843006134033 -0.0035512903705239296 -0.0319141261279583 0.012885413132607937 0.003278658725321293 0.9999577403068542 -0.00859094224870205 0.008457040414214134 0.03194328397512436 0.008481875993311405 0.9994536638259888 0.029213720932602882
1681349853.7132072 0.9998176097869873 0.001970777753740549 -0.01899467408657074 0.014652405865490437 -0.0021712728776037693 0.9999421238899231 -0.010540451854467392 0.008697343058884144 0.01897280476987362 0.010579772293567657 0.9997640252113342 0.028203116729855537
1681349853.7893605 0.999937891960144 0.008180499076843262 -0.007558044977486134 0.016735296696424484 -0.00825840886682272 0.9999125599861145 -0.010335073806345463 0.0069962176494300365 0.007472834549844265 0.010396849364042282 0.9999180436134338 0.032180722802877426
1681349853.87731 0.9999265670776367 0.012037825770676136 0.0013905192026868463 0.016859114170074463 -0.012020938098430634 0.9998607635498047 -0.011575338430702686 0.0074529871344566345 -0.0015296743949875236 0.01155777182430029 0.9999321103096008 0.032910458743572235
1681349853.9695094 0.9998413920402527 0.01568450964987278 0.008430443704128265 0.016677286475896835 -0.015576914884150028 0.9997983574867249 -0.01268067304044962 0.0070013683289289474 -0.00862763449549675 0.012547341175377369 0.9998841285705566 0.035595253109931946
1681349854.056934 0.9988411664962769 0.01840856857597828 0.04446890950202942 -0.0064518931321799755 -0.018053283914923668 0.9998019337654114 -0.008377975784242153 0.0018533056136220694 -0.04461432620882988 0.007565457373857498 0.9989756345748901 0.02062802016735077
1681349854.1517212 0.9992984533309937 0.02407580241560936 0.02868632972240448 0.01700025424361229 -0.023631133139133453 0.9995967745780945 -0.015740759670734406 0.007162869907915592 -0.029053732752799988 0.015051825903356075 0.9994645714759827 0.03923521935939789
1681349854.232652 0.9990689158439636 0.02581816352903843 0.034565310925245285 0.01702539063990116 -0.025232600048184395 0.9995324611663818 -0.017271440476179123 0.007404010277241468 -0.03499506786465645 0.016383185982704163 0.9992532134056091 0.04198960214853287
1681349854.3205557 0.9974452257156372 0.027989352121949196 0.06572448462247849 -0.006064917892217636 -0.02723560854792595 0.9995530247688293 -0.012336508370935917 0.0020414283499121666 -0.06604038178920746 0.010514945723116398 0.997761607170105 0.02713238261640072
1681349854.4122467 0.9968898892402649 0.03155401721596718 0.0722145140171051 -0.005907019134610891 -0.030723480507731438 0.9994486570358276 -0.01258318591862917 0.0019596139900386333 -0.0725717544555664 0.01032536756247282 0.9973097443580627 0.030061790719628334
1681349854.508987 0.9960145950317383 0.03489784523844719 0.08207985013723373 -0.009432625956833363 -0.03361223638057709 0.9992904663085938 -0.016993233934044838 0.004558665212243795 -0.08261463791131973 0.01416662335395813 0.9964808821678162 0.03268205747008324
1681349854.6218786 0.995536208152771 0.03610220551490784 0.087203249335289 -0.009744937531650066 -0.03486565500497818 0.9992693066596985 -0.015662310644984245 0.0031098753679543734 -0.08770497143268585 0.012551996856927872 0.996067464351654 0.03434894233942032
1681349854.724386 0.9948884844779968 0.03889322653412819 0.09318984299898148 -0.011709118261933327 -0.03761570528149605 0.9991732835769653 -0.015426946803927422 0.002858760766685009 -0.09371279180049896 0.011842690408229828 0.9955288767814636 0.03313414752483368
1681349854.8272996 0.9949311017990112 0.036537591367959976 0.09368541091680527 -0.011093190871179104 -0.03523360192775726 0.9992583394050598 -0.015535848215222359 0.0033026845194399357 -0.09418356418609619 0.012156222946941853 0.9954806566238403 0.035730671137571335
1681349854.9328246 0.9945681095123291 0.03804831951856613 0.09688477218151093 -0.012958471663296223 -0.03681522235274315 0.99921715259552 -0.014484086073935032 0.002046628389507532 -0.0973600223660469 0.010838574729859829 0.9951901435852051 0.036341506987810135
1681349855.0336132 0.9946113228797913 0.0390487015247345 0.09603915363550186 -0.012776830233633518 -0.037798549979925156 0.9991757869720459 -0.014802779071033001 0.0023710259702056646 -0.09653802216053009 0.011092869564890862 0.995267391204834 0.037998512387275696
1681349855.1286066 0.9949634671211243 0.03674330934882164 0.09326013177633286 -0.011607373133301735 -0.035418588668107986 0.9992473125457764 -0.01582079567015171 0.003948076628148556 -0.09377124905586243 0.0124379713088274 0.9955161213874817 0.0390552319586277
1681349855.2354045 0.9950807094573975 0.03592444956302643 0.09232446551322937 -0.012073035351932049 -0.03464929014444351 0.9992812275886536 -0.015378299169242382 0.0038351332768797874 -0.09281055629253387 0.012103671208024025 0.9956102967262268 0.040471483021974564
1681349855.3503501 0.9952620267868042 0.03460276871919632 0.09086262434720993 -0.013202741742134094 -0.0334039106965065 0.9993340969085693 -0.014682392589747906 0.003789528738707304 -0.09131015837192535 0.011577661149203777 0.9957552552223206 0.04132409393787384
1681349855.4628751 0.9955585598945618 0.03349022567272186 0.08798591792583466 -0.013363740406930447 -0.03234073892235756 0.9993723630905151 -0.014458012767136097 0.003918332047760487 -0.08841490745544434 0.011548269540071487 0.996016800403595 0.043327152729034424
1681349855.586388 0.9959108233451843 0.03233777731657028 0.08435536175966263 -0.013002890162169933 -0.031237857416272163 0.9994093179702759 -0.014326957054436207 0.004641292616724968 -0.08476883918046951 0.01163328904658556 0.9963327646255493 0.045389749109745026
1681349855.7035837 0.9960822463035583 0.031542278826236725 0.08261431753635406 -0.013926297426223755 -0.03058384731411934 0.9994497299194336 -0.012841455638408661 0.003740956075489521 -0.0829739049077034 0.010264480486512184 0.9964989423751831 0.04729512333869934
1681349855.8175173 0.9964302182197571 0.0307186096906662 0.0786319151520729 -0.01248214952647686 -0.029752884060144424 0.9994670152664185 -0.013424141332507133 0.0045182183384895325 -0.07900239527225494 0.011036699637770653 0.9968133568763733 0.04923859238624573
1681349855.9513643 0.9966172575950623 0.029099375009536743 0.0768587738275528 -0.01436578668653965 -0.02820013277232647 0.9995208382606506 -0.01275972556322813 0.00454527884721756 -0.0771932452917099 0.010549134574830532 0.9969604015350342 0.05139438435435295
1681349856.0587842 0.9969773888587952 0.02747756987810135 0.07267098873853683 -0.01517541240900755 -0.02668602392077446 0.9995737671852112 -0.011840976774692535 0.004592955578118563 -0.07296538352966309 0.009865887463092804 0.9972856640815735 0.05342910811305046
1681349856.1701198 0.9975588917732239 0.025226684287190437 0.06511444598436356 -0.013034636154770851 -0.024540619924664497 0.9996346831321716 -0.011314843781292439 0.004937448538839817 -0.06537611782550812 0.009689276106655598 0.9978137016296387 0.05533069372177124
1681349856.2883399 0.9979062080383301 0.023308267816901207 0.060329634696245193 -0.013066191226243973 -0.022653775289654732 0.9996769428253174 -0.011510105803608894 0.005349256098270416 -0.060578446835279465 0.01011931523680687 0.998112142086029 0.05759868770837784
1681349856.4095502 0.9981656074523926 0.02129969373345375 0.05667209252715111 -0.013505305163562298 -0.020766671746969223 0.9997344017028809 -0.009977900423109531 0.00531760323792696 -0.056869588792324066 0.008782709017395973 0.9983430504798889 0.05863480269908905
1681349856.5293334 0.9984614849090576 0.019594136625528336 0.05186978727579117 -0.013845616951584816 -0.0191360991448164 0.9997735023498535 -0.009312590584158897 0.0055178143084049225 -0.05204051733016968 0.008305681869387627 0.9986104369163513 0.05955800786614418
1681349856.6542823 0.9988823533058167 0.015466321259737015 0.044662803411483765 -0.01470235362648964 -0.01513261254876852 0.9998549222946167 -0.007800264284014702 0.005538631696254015 -0.04477697238326073 0.00711568258702755 0.998971700668335 0.060856375843286514
1681349856.7802496 0.9993701577186584 0.012278393842279911 0.03329191729426384 -0.013240176253020763 -0.012054232880473137 0.9999032616615295 -0.00692569138482213 0.00609537772834301 -0.033373747020959854 0.006520023103803396 0.9994217157363892 0.06289247423410416
1681349856.9023101 0.9996107816696167 0.009635386988520622 0.026177864521741867 -0.013924944214522839 -0.009478112682700157 0.9999362230300903 -0.006125450599938631 0.006466277875006199 -0.026235228404402733 0.0058749523013830185 0.999638557434082 0.06441351026296616
1681349857.0214124 0.9997664093971252 0.006835045292973518 0.0205081794410944 -0.014127157628536224 -0.006710766814649105 0.9999586939811707 -0.006122681777924299 0.007077440619468689 -0.020549187436699867 0.0059836246073246 0.9997709393501282 0.06666914373636246
1681349857.1675348 0.9998628497123718 0.006978263147175312 0.015016842633485794 -0.0130839291960001 -0.006874016020447016 0.9999518990516663 -0.006982438266277313 0.007994424551725388 -0.015064867213368416 0.006878254469484091 0.9998629093170166 0.07108921557664871
1681349857.2760887 0.9998788237571716 0.00663490267470479 0.014078307896852493 -0.01349383220076561 -0.006552985403686762 0.9999613165855408 -0.005856653209775686 0.007919012568891048 -0.014116639271378517 0.0057636890560388565 0.999883770942688 0.07202953100204468
1681349857.3908255 0.9998663663864136 0.006673600059002638 0.014921783469617367 -0.014418773353099823 -0.006586606614291668 0.9999608993530273 -0.005871484987437725 0.007690494880080223 -0.014960402622818947 0.0057724155485630035 0.9998714327812195 0.0736486092209816
1681349857.5098877 0.9998636841773987 0.005505985580384731 0.01556385774165392 -0.015135017223656178 -0.005414241459220648 0.9999677538871765 -0.00593070313334465 0.00798778049647808 -0.015596013516187668 0.005845627747476101 0.9998612999916077 0.07438860088586807
1681349857.6329353 0.9998569488525391 0.005741940811276436 0.015908779576420784 -0.015834631398320198 -0.005659896414726973 0.9999704360961914 -0.005197392776608467 0.007880143821239471 -0.015938155353069305 0.005106606520712376 0.9998599290847778 0.07520852237939835
1681349857.7580612 0.9998783469200134 0.0048964847810566425 0.014807627536356449 -0.01584346778690815 -0.0048127556219697 0.9999722242355347 -0.005684805102646351 0.008258579298853874 -0.014835056848824024 0.005612847860902548 0.9998741745948792 0.07635777443647385
1681349857.8840907 0.999881386756897 0.005094284191727638 0.014534744434058666 -0.015382339246571064 -0.005006913095712662 0.9999691247940063 -0.006041260436177254 0.008811386302113533 -0.014565074816346169 0.005967767909169197 0.9998761415481567 0.07778864353895187
1681349858.0169694 0.999837338924408 0.00596177252009511 0.017022816464304924 -0.015777934342622757 -0.005853224545717239 0.9999622106552124 -0.006419327575713396 0.00884506106376648 -0.017060449346899986 0.006318644154816866 0.9998344779014587 0.07936962693929672
1681349858.145958 0.9998369812965393 0.006691865622997284 0.01676865853369236 -0.015604629181325436 -0.006574032828211784 0.9999532699584961 -0.00707224989309907 0.009338924661278725 -0.01681520789861679 0.006960857193917036 0.9998343586921692 0.08036201447248459
1681349858.2632213 0.9998490214347839 0.005978543311357498 0.016323944553732872 -0.017096983268857002 -0.0058901566080749035 0.9999676942825317 -0.005457303021103144 0.008526154793798923 -0.016356052830815315 0.005360324401408434 0.9998518824577332 0.08088399469852448
1681349858.4145935 0.9998914003372192 0.005603277590125799 0.01362813450396061 -0.016165100038051605 -0.00552361411973834 0.9999673962593079 -0.005876056384295225 0.009303664788603783 -0.013660620898008347 0.005800140090286732 0.9998898506164551 0.08383988589048386
1681349858.5431037 0.9999102354049683 0.004948932211846113 0.012455891817808151 -0.0174028892070055 -0.004882394801825285 0.9999735951423645 -0.0053665973246097565 0.00861163716763258 -0.012482129037380219 0.00530529860407114 0.9999080300331116 0.08353017270565033
1681349858.6629019 0.9999480843544006 0.0036176261492073536 0.009525790810585022 -0.017638035118579865 -0.0035728421062231064 0.9999824166297913 -0.004714260809123516 0.008845049887895584 -0.009542685002088547 0.00467997882515192 0.9999435544013977 0.08399485051631927
1681349858.790334 0.9999696612358093 0.0021834939252585173 0.007482757326215506 -0.01821565441787243 -0.002155337715521455 0.9999905228614807 -0.003769035218283534 0.008504166267812252 -0.007490920834243298 0.0037527906242758036 0.9999649524688721 0.08461914956569672
1681349858.9228854 0.9999793767929077 0.0017999329138547182 0.006162357050925493 -0.018604902550578117 -0.0017755707958713174 0.9999905824661255 -0.0039566620253026485 0.008756401017308235 -0.006169426720589399 0.003945636563003063 0.9999732375144958 0.0853598341345787
1681349859.0579524 0.9999811053276062 0.0017185022588819265 0.005913419183343649 -0.01824607327580452 -0.0016951089492067695 0.9999907612800598 -0.003958764020353556 0.00897945649921894 -0.005920172668993473 0.003948661964386702 0.9999747276306152 0.08612918853759766
1681349859.196103 0.9999812245368958 0.0021996786817908287 0.00573146203532815 -0.017937006428837776 -0.002175647998228669 0.9999887347221375 -0.004195728339254856 0.00915557611733675 -0.005740632303059101 0.004183178301900625 0.99997478723526 0.08691522479057312
1681349859.3398962 0.9999816417694092 0.0018726662965491414 0.005770154297351837 -0.018514202907681465 -0.001851193606853485 0.9999913573265076 -0.0037244621198624372 0.009077598340809345 -0.005777084268629551 0.0037137088365852833 0.9999764561653137 0.08818720281124115
1681349859.4850266 0.9999815225601196 0.001415634760633111 0.0059132385067641735 -0.01888159103691578 -0.0013966307742521167 0.9999938011169434 -0.0032168328762054443 0.00902651622891426 -0.005917761940509081 0.0032085124403238297 0.9999773502349854 0.08786369115114212
1681349859.6521637 0.9999838471412659 0.0014785347739234567 0.005506123881787062 -0.019018031656742096 -0.0014592893421649933 0.9999927878379822 -0.0034977926407009363 0.009198914282023907 -0.005511262454092503 0.003489698516204953 0.9999787211418152 0.08867904543876648
1681349859.7784731 0.9999885559082031 0.00042656398727558553 0.004758961498737335 -0.019048314541578293 -0.00040902855107560754 0.9999932050704956 -0.0036860648542642593 0.00976554024964571 -0.004760495852679014 0.003684073453769088 0.9999818801879883 0.0891595333814621
1681349859.904288 0.9999905228614807 0.0009821770945563912 0.004244707059115171 -0.01934787631034851 -0.0009686704725027084 0.9999943971633911 -0.003183171385899186 0.00938953272998333 -0.004247815813869238 0.003179025836288929 0.999985933303833 0.09049811959266663
1681349860.0400403 0.9999904036521912 0.0008352340664714575 0.004297819919884205 -0.019662924110889435 -0.0008207957143895328 0.9999939799308777 -0.0033604358322918415 0.00954807922244072 -0.004300607368350029 0.003356874454766512 0.9999851584434509 0.09160242974758148
1681349860.1792293 0.9999919533729553 0.000975586473941803 0.003889688290655613 -0.0198734849691391 -0.00096360151655972 0.9999947547912598 -0.0030821471009403467 0.009478417225182056 -0.003892679698765278 0.0030783710535615683 0.9999877214431763 0.09282945841550827
1681349860.3250792 0.9999969005584717 6.70925946906209e-05 0.0024935132823884487 -0.01973876915872097 -5.7902681874111295e-05 0.9999931454658508 -0.003687134012579918 0.010273301042616367 -0.0024937386624515057 0.0036869742907583714 0.9999901652336121 0.09337254613637924
1681349860.4583328 0.9999984502792358 -2.0270710592740215e-05 0.0017801284557208419 -0.02004481852054596 2.618844337121118e-05 0.9999943971633911 -0.003326811594888568 0.010097838938236237 -0.0017800461500883102 0.00332684931345284 0.9999929070472717 0.09404084831476212
1681349860.5957088 0.9999983310699463 -4.854382495977916e-05 0.0017990375636145473 -0.020037051290273666 5.4271404223982245e-05 0.9999948740005493 -0.0031861525494605303 0.010077498853206635 -0.0017988687613978982 0.0031862417235970497 0.9999933242797852 0.09473270922899246
1681349860.7374735 0.999997615814209 -0.00047711789375171065 0.0021467851474881172 -0.020286431536078453 0.00048342073569074273 0.9999955296516418 -0.0029383378569036722 0.010271308943629265 -0.0021453690715134144 0.0029393653385341167 0.9999934434890747 0.09538408368825912
1681349860.88689 0.9999952912330627 0.0005444122361950576 0.0030307488050311804 -0.020592929795384407 -0.0005352528532966971 0.999995231628418 -0.0030236179009079933 0.010137790814042091 -0.00303237559273839 0.003021977376192808 0.9999908804893494 0.09595399349927902
1681349861.0397637 0.9999944567680359 -0.00039501854917034507 0.00332176242955029 -0.020768918097019196 0.0004066128167323768 0.9999938011169434 -0.0034917681477963924 0.010482778772711754 -0.0033203575294464827 0.0034930952824652195 0.9999884366989136 0.09627054631710052
1681349861.193998 0.9999988079071045 -0.0003555288421921432 0.0014654125552624464 -0.020255615934729576 0.00036052282666787505 0.999994158744812 -0.0034084536600857973 0.01046772487461567 -0.0014641935704275966 0.0034089747350662947 0.999993085861206 0.09666578471660614
1681349861.3815334 0.9999983906745911 -0.0004822237533517182 0.001711167860776186 -0.020769663155078888 0.00048659744788892567 0.999996542930603 -0.0025589587166905403 0.010231947526335716 -0.0017099234974011779 0.0025597838684916496 0.9999953508377075 0.09678143262863159
1681349861.511285 0.9999971985816956 -0.0003582323552109301 0.0023631539661437273 -0.02072243206202984 0.0003640862414613366 0.9999967813491821 -0.002478986280038953 0.010308412835001945 -0.0023622538428753614 0.002479835879057646 0.9999942183494568 0.09695480018854141
1681349861.6475534 0.9999960660934448 2.1439060219563544e-05 0.002785232849419117 -0.02057356759905815 -1.2330244317126926e-05 0.9999946355819702 -0.003270104294642806 0.010537674650549889 -0.0027852896600961685 0.003270054003223777 0.999990701675415 0.09762232005596161
1681349861.7874403 0.9999937415122986 0.00036932830698788166 0.003498394275084138 -0.02073734812438488 -0.0003581611963454634 0.9999948143959045 -0.003191935596987605 0.010421679355204105 -0.0034995567984879017 0.003190660150721669 0.9999887347221375 0.09774632751941681
1681349861.923822 0.9999933242797852 -0.00012889895879197866 0.003624944481998682 -0.0212838277220726 0.00014091868069954216 0.9999944567680359 -0.003315548412501812 0.010733070783317089 -0.0036244988441467285 0.0033160343300551176 0.9999878406524658 0.09839992970228195
1681349862.0721726 0.999999463558197 -0.0005737277679145336 0.0008721849881112576 -0.02069205231964588 0.0005758667248301208 0.9999969005584717 -0.00245315651409328 0.010508652776479721 -0.0008707761880941689 0.002453654306009412 0.9999966025352478 0.09866472333669662
1681349862.2208998 0.9999998211860657 -0.0005589490756392479 -8.06763709988445e-05 -0.02056429348886013 0.000558774103410542 0.9999974966049194 -0.0021638835314661264 0.010534039698541164 8.188423089450225e-05 0.0021638351026922464 0.999997615814209 0.09868539869785309
1681349862.3705497 0.9999982118606567 -0.0012186397798359394 -0.0013851172989234328 -0.020814498886466026 0.001215800060890615 0.9999971389770508 -0.0020497902296483517 0.010762722231447697 0.001387610100209713 0.0020480998791754246 0.9999969005584717 0.09963513165712357
1681349862.5195389 0.9999880790710449 -0.0022580416407436132 -0.0043129404075443745 -0.020754588767886162 0.002250672783702612 0.9999960660934448 -0.0017128665931522846 0.010848816484212875 0.004316789098083973 0.0017031366005539894 0.9999892115592957 0.10022392123937607
1681349862.6595213 0.9999707937240601 -0.003423734800890088 -0.00683325482532382 -0.021551387384533882 0.0034105877857655287 0.999992311000824 -0.0019338042475283146 0.011202054098248482 0.006839822977781296 0.001910440158098936 0.9999747276306152 0.10175672918558121
1681349862.8438213 0.9998889565467834 -0.006085942965000868 -0.013604938983917236 -0.02153853327035904 0.006083379965275526 0.9999814629554749 -0.00022986732074059546 0.01082854624837637 0.013606085442006588 0.00014707472291775048 0.999907374382019 0.10187876969575882
1681349862.9761748 0.9995550513267517 -0.012239771895110607 -0.027197781950235367 -0.021673858165740967 0.012271375395357609 0.9999241828918457 0.0009953395929187536 0.011174133978784084 0.02718353644013405 -0.0013286536559462547 0.9996294975280762 0.10293760150671005
1681349863.1089406 0.9987255930900574 -0.020037930458784103 -0.04632135108113289 -0.02171686291694641 0.020206203684210777 0.9997907876968384 0.0031673694029450417 0.011483930051326752 0.046248190104961395 -0.004099313169717789 0.9989215135574341 0.10276350378990173
1681349863.2417583 0.9978693723678589 -0.02554641291499138 -0.060035135596990585 -0.02146565169095993 0.025886183604598045 0.9996529817581177 0.004888659808784723 0.011369088664650917 0.059889405965805054 -0.006432326510548592 0.9981842041015625 0.10258353501558304
1681349863.3612015 0.9966121315956116 -0.03289778158068657 -0.07537946105003357 -0.02159355953335762 0.033484987914562225 0.999417781829834 0.00653922138735652 0.01150638796389103 0.07512044906616211 -0.00904114916920662 0.9971334338188171 0.10248825699090958
1681349863.4864218 0.9929024577140808 -0.04630102589726448 -0.10954950749874115 -0.02132204733788967 0.047644827514886856 0.9988174438476562 0.009679634124040604 0.011339058168232441 0.10897177457809448 -0.014830400235950947 0.993934154510498 0.10302038490772247
1681349863.621935 0.9907220005989075 -0.05287092924118042 -0.12519820034503937 -0.019299907609820366 0.05456047132611275 0.9984593391418457 0.010102316737174988 0.012019268237054348 0.12447117269039154 -0.016839461401104927 0.9920802712440491 0.10162295401096344
1681349863.7560997 0.9863962531089783 -0.06430548429489136 -0.15128543972969055 -0.019213959574699402 0.0667831227183342 0.997702956199646 0.011348401196300983 0.012120747938752174 0.15020816028118134 -0.021297335624694824 0.9884249567985535 0.09919395297765732
1681349863.9006586 0.9839316606521606 -0.0693809986114502 -0.16451407968997955 -0.017615491524338722 0.07236631959676743 0.9973031878471375 0.012215472757816315 0.012095216661691666 0.16322290897369385 -0.02392446994781494 0.9862990379333496 0.09852531552314758
1681349864.031232 0.9792649745941162 -0.07837987691164017 -0.18680649995803833 -0.016180971637368202 0.0823085606098175 0.9965174198150635 0.013355947099626064 0.011912149377167225 0.18510910868644714 -0.02845478616654873 0.9823058843612671 0.09589546918869019
1681349864.146984 0.9766597151756287 -0.08114954829216003 -0.1988734006881714 -0.014861774630844593 0.08561496436595917 0.9962307214736938 0.01394367590546608 0.01162119023501873 0.19699227809906006 -0.030644778162240982 0.9799260497093201 0.09593486040830612
1681349864.3150113 0.971606433391571 -0.0909091979265213 -0.21844108402729034 -0.014206085354089737 0.09641886502504349 0.9952327609062195 0.014673979952931404 0.011642403900623322 0.2160656899213791 -0.03531917557120323 0.9757397174835205 0.09458666294813156
1681349864.4258516 0.9697328209877014 -0.09738600254058838 -0.22390682995319366 -0.015413431450724602 0.1030736044049263 0.9945777058601379 0.013826856389641762 0.012755488976836205 0.2213461548089981 -0.036487240344285965 0.9745123982429504 0.09353562444448471
1681349864.5322108 0.9642543792724609 -0.10091821849346161 -0.24500879645347595 -0.011659320443868637 0.10759240388870239 0.9940968155860901 0.013974767178297043 0.01261379849165678 0.24215219914913177 -0.039836324751377106 0.9694201946258545 0.09172788262367249
1681349864.649853 0.9609266519546509 -0.10694988071918488 -0.2553073763847351 -0.0119874132797122 0.11441625654697418 0.9933266043663025 0.014529397711157799 0.012541667558252811 0.2520497143268585 -0.043173011392354965 0.9667508006095886 0.09107474237680435
1681349864.7705479 0.9584537148475647 -0.11012398451566696 -0.26313379406929016 -0.01199285127222538 0.1179724857211113 0.9929158091545105 0.014165087603032589 0.012868345715105534 0.25970980525016785 -0.044619135558605194 0.9646554589271545 0.09018532931804657
1681349864.884524 0.9561073780059814 -0.11288316547870636 -0.27039992809295654 -0.011251586489379406 0.12133856117725372 0.9925022721290588 0.014703799970448017 0.012556630186736584 0.2667127251625061 -0.04686835780739784 0.96263587474823 0.08912017941474915
1681349865.016587 0.9522140026092529 -0.11832066625356674 -0.28158262372016907 -0.009018577635288239 0.1271401047706604 0.9917969703674316 0.013191523030400276 0.013791541568934917 0.2777119576931 -0.048361603170633316 0.959446370601654 0.0876276046037674
1681349865.1472502 0.9514275193214417 -0.11714581400156021 -0.284714937210083 -0.008011315017938614 0.12626540660858154 0.9919001460075378 0.013822305016219616 0.013259120285511017 0.2807896137237549 -0.049100570380687714 0.9585126638412476 0.08655080944299698
1681349865.2733088 0.9492195844650269 -0.11762238293886185 -0.29180005192756653 -0.006249716971069574 0.1270858645439148 0.9917981028556824 0.013621417805552483 0.012983866967260838 0.28780460357666016 -0.05001338943839073 0.9563823342323303 0.08585181832313538
1681349865.3967083 0.9452856779098511 -0.12426584959030151 -0.3016505241394043 -0.0038034282624721527 0.13404642045497894 0.9909040927886963 0.011856828816235065 0.014597727917134762 0.29743337631225586 -0.05164327472448349 0.9533448815345764 0.08232167363166809
1681349865.529367 0.9444344639778137 -0.12297847121953964 -0.3048277795314789 -0.0013899574987590313 0.13328321278095245 0.9909908175468445 0.013144224882125854 0.014224163256585598 0.30046507716178894 -0.05304229259490967 0.9523168206214905 0.08080874383449554
1681349865.6348395 0.9450017213821411 -0.12157421559095383 -0.3036307990550995 -0.0016393568366765976 0.13222934305667877 0.9911102652549744 0.01470042485743761 0.01204826682806015 0.2991444766521454 -0.05404083803296089 0.9526763558387756 0.07928293198347092
1681349865.7868893 0.9447195529937744 -0.12323510646820068 -0.3038388788700104 0.0005678816814906895 0.13365338742733002 0.9909341931343079 0.0136490473523736 0.013681722804903984 0.29940226674079895 -0.053503625094890594 0.9526257514953613 0.07625069469213486
1681349865.8938076 0.944732129573822 -0.12262101471424103 -0.3040482699871063 0.0013976575573906302 0.13297569751739502 0.991027295589447 0.013503257185220718 0.013237186707556248 0.29966437816619873 -0.05318799242377281 0.9525610208511353 0.07498712837696075
1681349865.9882274 0.9445169568061829 -0.12254065275192261 -0.3047483563423157 0.0014975073281675577 0.13290393352508545 0.9910382032394409 0.013412920758128166 0.012514247559010983 0.3003736436367035 -0.05317099764943123 0.9523385167121887 0.07474324852228165
1681349866.0876353 0.9431226849555969 -0.12208301573991776 -0.30921751260757446 0.0030165899079293013 0.13280007243156433 0.9910472631454468 0.013766013085842133 0.01217626966536045 0.3047685921192169 -0.05404714122414589 0.9508917331695557 0.07386693358421326
1681349866.1895444 0.9426208138465881 -0.12512439489364624 -0.3095318078994751 0.0025108964182436466 0.1360223889350891 0.9906098246574402 0.013788778334856033 0.012441456317901611 0.3048999607563019 -0.055100854486227036 0.9507890939712524 0.07157689332962036
1681349866.2878466 0.9412934184074402 -0.12529335916042328 -0.3134778141975403 0.0054746754467487335 0.13629314303398132 0.990578830242157 0.013330740854144096 0.012218359857797623 0.30885425209999084 -0.05527302250266075 0.9495019912719727 0.06882526725530624
1681349866.3847384 0.9407963156700134 -0.12693095207214355 -0.3143102526664734 0.005248950328677893 0.13784506916999817 0.9903730750083923 0.012647178024053574 0.012707825750112534 0.30967915058135986 -0.055224549025297165 0.9492360353469849 0.06798700243234634
1681349866.4969056 0.9403699636459351 -0.12442333251237869 -0.31658047437667847 0.007716881576925516 0.13577017188072205 0.9906423091888428 0.01394648477435112 0.011763794347643852 0.31188276410102844 -0.05609704554080963 0.9484631419181824 0.06676622480154037
1681349866.597439 0.9407247304916382 -0.125738725066185 -0.31500282883644104 0.007525114808231592 0.13714779913425446 0.990448534488678 0.01422402448952198 0.01147409901022911 0.3102056384086609 -0.056582849472761154 0.9489841461181641 0.06536748260259628
1681349866.7013342 0.941977858543396 -0.12516182661056519 -0.3114677965641022 0.009251488372683525 0.13584624230861664 0.9906477928161621 0.012755235657095909 0.012680377811193466 0.30695846676826477 -0.05432688072323799 0.950171172618866 0.06296209990978241
1681349866.806867 0.943471372127533 -0.12254322320222855 -0.30796903371810913 0.00951961986720562 0.1329905241727829 0.9910310506820679 0.013081218115985394 0.012106198817491531 0.3036038875579834 -0.053298722952604294 0.9513065218925476 0.06291812658309937
1681349866.9071975 0.94490647315979 -0.1194593608379364 -0.30476412177085876 0.00940261222422123 0.12998275458812714 0.9914116859436035 0.014398505911231041 0.010425879620015621 0.3004266917705536 -0.053219325840473175 0.9523190259933472 0.06442435085773468
1681349867.0728626 0.9472602009773254 -0.11712588369846344 -0.2982944846153259 0.009118751622736454 0.12715795636177063 0.9917783737182617 0.014377539977431297 0.010134403593838215 0.29415807127952576 -0.05154978856444359 0.954365611076355 0.06369747221469879
1681349867.172951 0.9485337138175964 -0.11581572145223618 -0.2947382628917694 0.00951447430998087 0.12589764595031738 0.9919236898422241 0.015395954251289368 0.010340278968214989 0.2905747890472412 -0.05171043798327446 0.9554539918899536 0.06303821504116058
1681349867.2756293 0.9491965174674988 -0.11472448706626892 -0.29302579164505005 0.010403900407254696 0.12477446347475052 0.9920597076416016 0.015773184597492218 0.010245534591376781 0.2888895571231842 -0.05153398960828781 0.9559744000434875 0.06309181451797485
1681349867.3903596 0.9507239460945129 -0.11489584296941757 -0.2879633903503418 0.009192355908453465 0.12412544339895248 0.9921686053276062 0.013935749419033527 0.010470611974596977 0.2841070890426636 -0.04899263009428978 0.9575400352478027 0.06363337486982346
1681349867.504844 0.9520843029022217 -0.11279615759849548 -0.28427526354789734 0.009046763181686401 0.12197177857160568 0.9924243092536926 0.01472438219934702 0.010102755390107632 0.28046083450317383 -0.04869241639971733 0.9586296677589417 0.06353801488876343
1681349867.6176274 0.9534415602684021 -0.1105828732252121 -0.28057196736335754 0.00979539379477501 0.11949823796749115 0.9927238821983337 0.014813752844929695 0.010234411805868149 0.27689236402511597 -0.04765190929174423 0.9597187042236328 0.0631524994969368
1681349867.7379692 0.9545915722846985 -0.10919996351003647 -0.27718278765678406 0.010289795696735382 0.11769288033246994 0.992949366569519 0.014137232676148415 0.010456491261720657 0.2736847400665283 -0.04611772671341896 0.9607132077217102 0.06307350844144821
1681349867.8621302 0.9561055898666382 -0.10780055075883865 -0.2724722921848297 0.009688650257885456 0.11604893207550049 0.9931406378746033 0.014291040599346161 0.010186564177274704 0.26906272768974304 -0.045283857733011246 0.9620574712753296 0.06327912956476212
1681349867.9814 0.9576073884963989 -0.10629934817552567 -0.26774725317955017 0.009938186034560204 0.11435061693191528 0.9933329224586487 0.014612038619816303 0.010338271036744118 0.2644088864326477 -0.04460965469479561 0.9633784294128418 0.06304871290922165
1681349868.1095502 0.9611554741859436 -0.10278032720088959 -0.25615689158439636 0.009059732779860497 0.11003227531909943 0.9938279390335083 0.014101384207606316 0.010135053656995296 0.2531265616416931 -0.041739147156476974 0.9665324091911316 0.06312557309865952
1681349868.2331774 0.963093101978302 -0.09952083975076675 -0.2500944435596466 0.009498435072600842 0.10633984208106995 0.9942330718040466 0.013867728412151337 0.010197758674621582 0.2472720593214035 -0.0399509072303772 0.9681221842765808 0.0629735141992569
1681349868.3516102 0.9656777381896973 -0.09523753076791763 -0.2416532337665558 0.00891074351966381 0.10148821026086807 0.9947447180747986 0.013522928580641747 0.009625610895454884 0.23909534513950348 -0.037583738565444946 0.9702684879302979 0.06336279213428497
1681349868.515303 0.9696048498153687 -0.09053398668766022 -0.22731013596057892 0.007296497002243996 0.09626445919275284 0.9952540993690491 0.014228045009076595 0.008594492450356483 0.22494319081306458 -0.0356774665415287 0.9737184643745422 0.0638025626540184
1681349868.6273825 0.9728731513023376 -0.08523058146238327 -0.2150658816099167 0.007815994322299957 0.09018788486719131 0.995835542678833 0.013324888423085213 0.009160801768302917 0.21303455531597137 -0.032359760254621506 0.976508617401123 0.063207246363163
1681349868.7320893 0.9751028418540955 -0.08231603354215622 -0.20590871572494507 0.007001432590186596 0.08680941164493561 0.9961417317390442 0.01286812499165535 0.008902440778911114 0.20405499637126923 -0.030422557145357132 0.9784866571426392 0.06372956931591034
1681349868.8442416 0.9770528078079224 -0.0793742761015892 -0.1976548731327057 0.007400695234537125 0.08336564898490906 0.9964475035667419 0.011941728182137012 0.009116895496845245 0.19600476324558258 -0.02814532443881035 0.9801989793777466 0.06300923973321915
1681349868.9576862 0.9806650876998901 -0.0731138065457344 -0.18152262270450592 0.00693192332983017 0.07640490680932999 0.9970141053199768 0.011194862425327301 0.009261755272746086 0.18016208708286285 -0.02484763413667679 0.9833230972290039 0.06292706727981567
