1681630228.8691838 0.843497097492218 0.40895989537239075 -0.3482305109500885 0.9730876684188843 -0.3594021499156952 0.911516010761261 0.19992166757583618 -0.3585267961025238 0.399177610874176 -0.043478548526763916 0.9158421754837036 -0.13477356731891632
1681630229.215764 0.837665855884552 0.4081358313560486 -0.3629615008831024 0.985393226146698 -0.36176279187202454 0.912466824054718 0.19113343954086304 -0.3489491045475006 0.4091987609863281 -0.028799993917346 0.9119907021522522 -0.12941299378871918
1681630229.3583105 0.837665855884552 0.4142861068248749 -0.3559255301952362 0.9717574119567871 -0.36510199308395386 0.9093961715698242 0.19924618303775787 -0.35931873321533203 0.40622228384017944 -0.03695259615778923 0.9130268692970276 -0.13425558805465698
1681630229.4592216 0.8315147757530212 0.41211894154548645 -0.37247976660728455 0.9882661700248718 -0.3673950731754303 0.9109271168708801 0.18770381808280945 -0.34928572177886963 0.4166582226753235 -0.01923125796020031 0.9088598489761353 -0.13301579654216766
1681630229.5581543 0.8326953053474426 0.4077058434486389 -0.37469252943992615 0.9929633140563965 -0.3645121455192566 0.9129716157913208 0.18334047496318817 -0.34799081087112427 0.41683265566825867 -0.0160867627710104 0.9088408946990967 -0.13729968667030334
1681630229.6540258 0.8386691808700562 0.3973756730556488 -0.3724600672721863 1.000915288925171 -0.35797277092933655 0.9175814986228943 0.17291484773159027 -0.3522493243217468 0.4104746878147125 -0.011687790043652058 0.911797046661377 -0.15893787145614624
1681630229.7524383 0.8377050757408142 0.3861614763736725 -0.38617295026779175 1.016053318977356 -0.35282158851623535 0.9224191904067993 0.15703412890434265 -0.33968785405158997 0.4168538749217987 0.0047018700279295444 0.9089613556861877 -0.1569216251373291
1681630229.8562021 0.8414923548698425 0.3905164897441864 -0.37334638833999634 1.0007599592208862 -0.3545931279659271 0.9205803871154785 0.16369350254535675 -0.3509242832660675 0.4076204001903534 -0.005360790528357029 0.9131357669830322 -0.16208189725875854
1681630229.9677997 0.8395156264305115 0.39080777764320374 -0.3774689733982086 1.0083999633789062 -0.3550679683685303 0.92046719789505 0.16329987347126007 -0.350237101316452 0.4112666845321655 -0.0030656717717647552 0.9115099310874939 -0.1648903489112854
1681630230.0855324 0.8325604796409607 0.4021442234516144 -0.3809502422809601 0.9994937181472778 -0.3642990291118622 0.9155713319778442 0.17033912241458893 -0.3532436788082123 0.41728803515434265 -0.0030378191731870174 0.9087692499160767 -0.15797659754753113
1681630230.193848 0.8167840242385864 0.41360193490982056 -0.4022406041622162 0.9860852360725403 -0.3769223988056183 0.9103764295578003 0.17071712017059326 -0.35937464237213135 0.4367993474006653 0.012174481526017189 0.8994765877723694 -0.1483841985464096
1681630230.308517 0.8146011233329773 0.4142458140850067 -0.40598711371421814 0.9759787321090698 -0.3775617778301239 0.9100576639175415 0.17100375890731812 -0.36376428604125977 0.4403092563152313 0.013985369354486465 0.8977372050285339 -0.1367405205965042
1681630230.4168935 0.8273606896400452 0.3962690234184265 -0.39805176854133606 0.9486839175224304 -0.3651490807533264 0.9179733395576477 0.15489043295383453 -0.3665032982826233 0.42677921056747437 0.01719800941646099 0.904192328453064 -0.11099367588758469
1681630230.5161269 0.8315041661262512 0.3925551772117615 -0.3930666148662567 0.9385978579521179 -0.35984736680984497 0.9196662306785583 0.15723839402198792 -0.36923372745513916 0.4232148230075836 0.010699599049985409 0.9059661626815796 -0.09928861260414124
1681630230.6147761 0.8343961238861084 0.3970640301704407 -0.382260799407959 0.9224564433097839 -0.3628479838371277 0.9177817702293396 0.16130127012729645 -0.37393367290496826 0.4148789048194885 0.004113420378416777 0.9098674058914185 -0.0885026603937149
1681630230.708951 0.839482843875885 0.39647725224494934 -0.3715837001800537 0.9065415859222412 -0.3589010536670685 0.9180075526237488 0.16867774724960327 -0.37905818223953247 0.40799352526664734 -0.008240288123488426 0.9129476547241211 -0.07472629100084305
1681630230.7981184 0.8442872762680054 0.39219653606414795 -0.36518627405166626 0.8974259495735168 -0.3553352653980255 0.9198195934295654 0.16633987426757812 -0.38146838545799255 0.401143342256546 -0.01067506056278944 0.9159530997276306 -0.06582378596067429
1681630230.888584 0.8442431092262268 0.3813879191875458 -0.3765592575073242 0.9081027507781982 -0.3497222661972046 0.9244095683097839 0.15218856930732727 -0.3706758916378021 0.4061378836631775 0.0032070300076156855 0.9138062000274658 -0.05832253769040108
1681630230.9878473 0.8520102500915527 0.3825424909591675 -0.35740721225738525 0.8780439496040344 -0.34858039021492004 0.9238844513893127 0.15789008140563965 -0.38277649879455566 0.3906026780605316 -0.009938828647136688 0.920505702495575 -0.05010742321610451
1681630231.1028552 0.8530070781707764 0.38116005063056946 -0.35650521516799927 0.8691936135292053 -0.34821218252182007 0.9244720339775085 0.15524141490459442 -0.3858822286128998 0.3887508809566498 -0.008282559923827648 0.9213057160377502 -0.041329123079776764
1681630231.208234 0.8517431616783142 0.3792265057563782 -0.3615535497665405 0.8634758591651917 -0.34673693776130676 0.9252873659133911 0.1536777913570404 -0.38930490612983704 0.3928196430206299 -0.005530032329261303 0.9195989966392517 -0.033413566648960114
1681630231.3160248 0.8482573628425598 0.38087186217308044 -0.3679623305797577 0.8556562662124634 -0.3520159125328064 0.9246079921722412 0.14555059373378754 -0.38881152868270874 0.3956570029258728 0.006064242217689753 0.9183783531188965 -0.028667625039815903
1681630231.422712 0.8420416712760925 0.3829810619354248 -0.37985706329345703 0.8164857029914856 -0.35531294345855713 0.9236494898796082 0.14361180365085602 -0.4019375443458557 0.4058553874492645 0.014040978625416756 0.9138293862342834 0.00681438110768795
1681630231.5273159 0.8236878514289856 0.39250513911247253 -0.4092409908771515 0.8062486052513123 -0.36739736795425415 0.9191461801528931 0.14208956062793732 -0.4112376272678375 0.4319232106208801 0.033316630870103836 0.9012947678565979 0.024424081668257713
1681630231.6195145 0.8169935941696167 0.39732620120048523 -0.41791558265686035 0.8299347758293152 -0.3742145299911499 0.9167150259017944 0.13999001681804657 -0.40148794651031494 0.4387311637401581 0.042019132524728775 0.8976354002952576 -0.0003160927153658122
1681630231.7237785 0.8110808730125427 0.4037865102291107 -0.4232071042060852 0.8190763592720032 -0.3801635503768921 0.9137601852416992 0.14324113726615906 -0.40327727794647217 0.4445486068725586 0.0447077639400959 0.8946382999420166 0.008276790380477905
1681630231.8389125 0.8065580725669861 0.4099423289299011 -0.4259242117404938 0.77530837059021 -0.38430824875831604 0.9110785722732544 0.14914104342460632 -0.41598421335220337 0.4491896629333496 0.0433952622115612 0.8923819065093994 0.046012889593839645
1681630231.9548368 0.8020869493484497 0.4166155755519867 -0.4278879761695862 0.7656475305557251 -0.39137375354766846 0.9078722596168518 0.15031495690345764 -0.41983139514923096 0.4510911703109741 0.046898454427719116 0.8912447690963745 0.05179312080144882
1681630232.076358 0.8010075092315674 0.4148407578468323 -0.4316180944442749 0.7607068419456482 -0.38956260681152344 0.9086429476737976 0.1503632813692093 -0.4217594861984253 0.45456352829933167 0.04770014062523842 0.8894361257553101 0.05838155001401901
1681630232.1929536 0.8015250563621521 0.41397276520729065 -0.43149077892303467 0.7542104721069336 -0.390807181596756 0.9088241457939148 0.1459745615720749 -0.4239109456539154 0.45257869362831116 0.05162739381194115 0.8902286887168884 0.061450596898794174
1681630232.3055296 0.8065445423126221 0.40117090940475464 -0.4342207908630371 0.7286161780357361 -0.3798356354236603 0.9144958257675171 0.1393638700246811 -0.4259606599807739 0.45300179719924927 0.05252935737371445 0.8899607062339783 0.08610128611326218
1681630232.4153264 0.8087286353111267 0.3953951895236969 -0.43545448780059814 0.7240362763404846 -0.3769782781600952 0.916729211807251 0.1322689801454544 -0.4258500039577484 0.4514923095703125 0.057187166064977646 0.8904405236244202 0.09013291448354721
1681630232.5232885 0.807383120059967 0.39835992455482483 -0.4352492690086365 0.7368332743644714 -0.3806664049625397 0.9153013229370117 0.13159288465976715 -0.42768344283103943 0.45080554485321045 0.05943889915943146 0.8906410336494446 0.08100932836532593
1681630232.6391683 0.8121035099029541 0.3901726007461548 -0.433881551027298 0.7064008712768555 -0.37279656529426575 0.9189568161964417 0.1286119520664215 -0.42988714575767517 0.4488992393016815 0.057303331792354584 0.8917431831359863 0.10686200112104416
1681630232.766493 0.8132431507110596 0.3884364366531372 -0.4333043694496155 0.6970334053039551 -0.37012726068496704 0.9198498129844666 0.12993107736110687 -0.43241366744041443 0.4490449130535126 0.0547122023999691 0.8918325304985046 0.11668661236763
1681630232.8897243 0.8127230405807495 0.39093017578125 -0.4320356547832489 0.6852521896362305 -0.3725971281528473 0.9187784194946289 0.13045185804367065 -0.43530160188674927 0.4479425847530365 0.05495401844382286 0.8923718929290771 0.12555983662605286
1681630233.0190005 0.8141764998435974 0.39004626870155334 -0.4300934374332428 0.6706557273864746 -0.3710424304008484 0.919286847114563 0.13129782676696777 -0.43695884943008423 0.44659146666526794 0.05268331617116928 0.8931856155395508 0.13638819754123688
1681630233.1507819 0.8158510327339172 0.39143288135528564 -0.4256376624107361 0.6572997570037842 -0.37174108624458313 0.9188385009765625 0.13245578110218048 -0.4393411874771118 0.44293975830078125 0.05016281083226204 0.8951469659805298 0.14670339226722717
1681630233.2793922 0.818382203578949 0.3896652162075043 -0.422387957572937 0.6473550200462341 -0.36881959438323975 0.9197989106178284 0.133948415517807 -0.4413309693336487 0.4407069683074951 0.04616394639015198 0.8964632153511047 0.1629350483417511
1681630233.398187 0.827309250831604 0.3892264664173126 -0.40504586696624756 0.596062183380127 -0.36544808745384216 0.9205239415168762 0.13814187049865723 -0.4509613811969757 0.4266229271888733 0.03373720124363899 0.9038001298904419 0.18901637196540833
1681630233.522806 0.8331680297851562 0.3903997540473938 -0.3916875422000885 0.5784664154052734 -0.36460065841674805 0.9203135967254639 0.14173690974712372 -0.4530222415924072 0.41580939292907715 0.024718882516026497 0.9091157913208008 0.20245499908924103
1681630233.6337662 0.8369300961494446 0.38603365421295166 -0.3879767656326294 0.6078287363052368 -0.3581269085407257 0.9223196506500244 0.14516113698482513 -0.44953060150146484 0.41387566924095154 0.017455177381634712 0.9101660847663879 0.1982460916042328
1681630233.7578971 0.8559566736221313 0.37617114186286926 -0.35473015904426575 0.5435795783996582 -0.3469444215297699 0.9265491962432861 0.1453828364610672 -0.45851635932922363 0.3833637535572052 -0.001369727193377912 0.9235963821411133 0.24041251838207245
1681630233.8843138 0.8630021810531616 0.37117302417755127 -0.3427213132381439 0.532095193862915 -0.3410140872001648 0.9285110235214233 0.1468900591135025 -0.4612203538417816 0.3727421462535858 -0.009893624112010002 0.9278822541236877 0.25335532426834106
1681630234.0086033 0.8698678612709045 0.36444610357284546 -0.332428902387619 0.5219292044639587 -0.3328968286514282 0.9310210347175598 0.1495981216430664 -0.4646906554698944 0.3640187382698059 -0.019466064870357513 0.9311882257461548 0.261718213558197
1681630234.1367996 0.8721184134483337 0.3661975562572479 -0.32451313734054565 0.508655846118927 -0.3343024253845215 0.930241048336029 0.15130570530891418 -0.4691327214241028 0.35728317499160767 -0.02347094565629959 0.9337011575698853 0.27160534262657166
1681630234.2613442 0.8730545043945312 0.3647177517414093 -0.3236616551876068 0.4988936185836792 -0.33237335085868835 0.9307722449302673 0.15228590369224548 -0.4701060354709625 0.35679665207862854 -0.025377344340085983 0.9338372945785522 0.282935231924057
1681630234.3924367 0.8709371089935303 0.37127846479415894 -0.32190194725990295 0.47478288412094116 -0.337350070476532 0.9280762672424316 0.15770027041435242 -0.4752717912197113 0.3573002517223358 -0.028753355145454407 0.9335469007492065 0.30942419171333313
1681630234.521179 0.8695990443229675 0.3750763535499573 -0.3211155831813812 0.42261603474617004 -0.34021395444869995 0.9264875650405884 0.16085755825042725 -0.49002519249916077 0.35784345865249634 -0.030633578076958656 0.9332789778709412 0.3579120337963104
1681630234.6552274 0.8693980574607849 0.375435471534729 -0.3212401866912842 0.4153786301612854 -0.3405627906322479 0.9263461828231812 0.16093426942825317 -0.4903244972229004 0.3580000400543213 -0.030513504520058632 0.9332228899002075 0.37045395374298096
1681630234.7711608 0.8702353835105896 0.37720757722854614 -0.316867470741272 0.4422793388366699 -0.34245580434799194 0.9255799651145935 0.16132502257823944 -0.4827057719230652 0.35413920879364014 -0.03187762200832367 0.9346492290496826 0.34462931752204895
1681630234.9049187 0.8712891936302185 0.3795490264892578 -0.311123251914978 0.4207262098789215 -0.34374552965164185 0.9244353771209717 0.1651010662317276 -0.48906317353248596 0.35027724504470825 -0.03690354526042938 0.9359187483787537 0.365546852350235
1681630235.0276217 0.8717157244682312 0.3797728717327118 -0.30965179204940796 0.37224334478378296 -0.34309905767440796 0.9242194294929504 0.16763517260551453 -0.5032749772071838 0.3498494327068329 -0.03988897427916527 0.9359563589096069 0.4142639636993408
1681630235.1467588 0.872843861579895 0.3788886070251465 -0.30754998326301575 0.3612673580646515 -0.34252360463142395 0.9245621562004089 0.1669204831123352 -0.5069094896316528 0.3475932776927948 -0.04035240411758423 0.9367766976356506 0.42342910170555115
1681630235.263953 0.8729626536369324 0.38140997290611267 -0.3040767312049866 0.3490588665008545 -0.34620335698127747 0.923607349395752 0.16459818184375763 -0.509050726890564 0.3436269164085388 -0.038415681570768356 0.9383202195167542 0.4305267035961151
1681630235.3842657 0.8692097663879395 0.38423219323158264 -0.31119129061698914 0.33341455459594727 -0.35052046179771423 0.9227417707443237 0.16025923192501068 -0.515529215335846 0.34872591495513916 -0.030219977721571922 0.9367374777793884 0.44807806611061096
1681630235.5116017 0.8656788468360901 0.3875286281108856 -0.31689396500587463 0.32192161679267883 -0.3538920283317566 0.9214776754379272 0.16012318432331085 -0.5156492590904236 0.3540629744529724 -0.026468994095921516 0.9348469972610474 0.45652100443840027
1681630235.6279755 0.8593062162399292 0.39679840207099915 -0.3227131962776184 0.3077704906463623 -0.3616429269313812 0.9175575971603394 0.16523443162441254 -0.5191709399223328 0.36167263984680176 -0.025280039757490158 0.9319623708724976 0.46544212102890015
1681630235.74778 0.8468390703201294 0.4133186936378479 -0.33471086621284485 0.33408915996551514 -0.3748569190502167 0.9102886319160461 0.1756615936756134 -0.5178864598274231 0.37728771567344666 -0.023288404569029808 0.9258032441139221 0.44240909814834595
1681630235.8660843 0.8267856240272522 0.4310029149055481 -0.36147192120552063 0.23877617716789246 -0.3911454677581787 0.9023109674453735 0.18121808767318726 -0.5383392572402954 0.4042656719684601 -0.008440420962870121 0.9146025776863098 0.5299850106239319
1681630235.9738863 0.8145172595977783 0.4446483552455902 -0.372624933719635 0.23134104907512665 -0.40377509593963623 0.8957043290138245 0.1862238496541977 -0.5407644510269165 0.4165659248828888 -0.001225892687216401 0.909104585647583 0.5342822670936584
1681630236.0809777 0.8002775311470032 0.4636940658092499 -0.38018906116485596 0.25594931840896606 -0.42219704389572144 0.8859679102897644 0.19186051189899445 -0.5346906781196594 0.4257998764514923 0.006973023992031813 0.904790461063385 0.505253791809082
1681630236.1978316 0.7906505465507507 0.46359726786613464 -0.3999364674091339 0.21599562466144562 -0.4233211874961853 0.8858399391174316 0.18996484577655792 -0.5449125170707703 0.4423469305038452 0.019105765968561172 0.896640419960022 0.5454664826393127
1681630236.315368 0.7719826698303223 0.46948570013046265 -0.4285159707069397 0.21624742448329926 -0.43501442670822144 0.8817607760429382 0.18237465620040894 -0.5447996854782104 0.46347084641456604 0.04562053084373474 0.884937047958374 0.544165849685669
1681630236.4374557 0.7615281343460083 0.4821566045284271 -0.43312808871269226 0.20766805112361908 -0.4458928406238556 0.8747357726097107 0.18978145718574524 -0.5465690493583679 0.47037699818611145 0.048604756593704224 0.8811259269714355 0.5486858487129211
1681630236.5537813 0.7515454292297363 0.49484726786613464 -0.43624022603034973 0.197503000497818 -0.45524078607559204 0.8676339983940125 0.1999177634716034 -0.5490903258323669 0.47742560505867004 0.04834703356027603 0.8773409724235535 0.5559071898460388
1681630236.6741908 0.7488190531730652 0.4990909695625305 -0.43609416484832764 0.18487322330474854 -0.4552103579044342 0.8655275106430054 0.2089153230190277 -0.5490089058876038 0.4817192554473877 0.042074792087078094 0.8753148913383484 0.5647360682487488
1681630236.7901168 0.7478459477424622 0.5029408931732178 -0.43333226442337036 0.1690300554037094 -0.45892971754074097 0.8633070588111877 0.2099628746509552 -0.5497674942016602 0.4796977639198303 0.04184915870428085 0.8764351606369019 0.5746464729309082
1681630236.9025457 0.7508863210678101 0.5009992122650146 -0.43031319975852966 0.16375523805618286 -0.4573112428188324 0.8645132184028625 0.20852632820606232 -0.5503999590873718 0.47648298740386963 0.040207479149103165 0.8782637715339661 0.57884281873703
1681630237.0191672 0.7552315592765808 0.4995492696762085 -0.4243532717227936 0.1539911925792694 -0.4558226764202118 0.865511417388916 0.20764297246932983 -0.5534651279449463 0.4710104763507843 0.03661130741238594 0.8813675045967102 0.5860661864280701
1681630237.1475046 0.7631953954696655 0.4908531904220581 -0.42023319005966187 0.11936982721090317 -0.44841140508651733 0.8705832958221436 0.20251397788524628 -0.557608425617218 0.46525266766548157 0.03387961909174919 0.8845292329788208 0.610453724861145
1681630237.2597916 0.770211935043335 0.48281922936439514 -0.4167243242263794 0.11300501227378845 -0.44229602813720703 0.8750967383384705 0.19641751050949097 -0.5579367876052856 0.4595082998275757 0.03303237631917 0.8875589370727539 0.6154811978340149
1681630237.364229 0.7730033993721008 0.4795331358909607 -0.41534772515296936 0.1327366977930069 -0.44070687890052795 0.8768446445465088 0.19214782118797302 -0.5562851428985596 0.45633673667907715 0.03451569378376007 0.8891374468803406 0.6028236746788025
1681630237.4808676 0.7772225141525269 0.4733831584453583 -0.41452813148498535 0.09591197222471237 -0.4372277557849884 0.8800676465034485 0.1852371245622635 -0.5600817203521729 0.45250093936920166 0.03727273270487785 0.8909845948219299 0.6275292038917542
1681630237.59387 0.7779256701469421 0.47388142347335815 -0.41263556480407715 0.07775171846151352 -0.43619099259376526 0.879948616027832 0.1882224678993225 -0.565964937210083 0.4522932767868042 0.033564820885658264 0.8912374377250671 0.6444656848907471
1681630237.711321 0.7791117429733276 0.4727795124053955 -0.41166049242019653 0.06327400356531143 -0.4353373050689697 0.8805538415908813 0.18736669421195984 -0.5660092234611511 0.4510723650455475 0.03323155641555786 0.8918684124946594 0.6538504958152771
1681630237.825809 0.7797291278839111 0.4693935513496399 -0.414357453584671 0.05811038613319397 -0.43091386556625366 0.8824314475059509 0.18875372409820557 -0.5677459836006165 0.4542418420314789 0.03137558326125145 0.890325665473938 0.6604644060134888
1681630237.9447148 0.7784129977226257 0.47160786390304565 -0.4143177568912506 0.04939422383904457 -0.4355236887931824 0.8810427784919739 0.18461525440216064 -0.5708245038986206 0.452097624540329 0.03673826903104782 0.8912114500999451 0.6661433577537537
1681630238.0613112 0.7794460654258728 0.4655071496963501 -0.41924577951431274 0.04423198476433754 -0.4320220649242401 0.8840433955192566 0.17839334905147552 -0.5708868503570557 0.4536748230457306 0.04207541421055794 0.8901734352111816 0.6708353757858276
1681630238.1794527 0.7819018959999084 0.4586661159992218 -0.4222024083137512 0.0393567718565464 -0.4267851412296295 0.8875024914741516 0.17376326024532318 -0.5727599859237671 0.4544050395488739 0.044323891401290894 0.8896917104721069 0.6760178804397583
1681630238.2961285 0.790907084941864 0.45011070370674133 -0.4145677387714386 0.0162642952054739 -0.4223863482475281 0.8917519450187683 0.16238300502300262 -0.5748810172080994 0.44278189539909363 0.04667789116501808 0.8954134583473206 0.691197395324707
1681630238.469367 0.7966256141662598 0.4465588629245758 -0.40739744901657104 -0.02626834250986576 -0.41755104064941406 0.8938588500022888 0.16330161690711975 -0.586626410484314 0.4370795786380768 0.04001897946000099 0.8985320925712585 0.7286819219589233
1681630238.5737977 0.8044102191925049 0.44476234912872314 -0.3938407599925995 -0.04123977944254875 -0.4173157215118408 0.8948808312416077 0.1582268625497818 -0.5874348878860474 0.42281389236450195 0.03707665577530861 0.9054577946662903 0.7392908930778503
1681630238.6772392 0.8149610757827759 0.4339101016521454 -0.38413605093955994 -0.017155669629573822 -0.4059479534626007 0.9004939794540405 0.1559387594461441 -0.5832849144935608 0.4135756194591522 0.028855212032794952 0.9100123643875122 0.7213484048843384
1681630238.7891552 0.8246181011199951 0.42491376399993896 -0.3734343945980072 -0.06062741577625275 -0.3976079225540161 0.904931366443634 0.15168122947216034 -0.592826247215271 0.4023838937282562 0.023401396349072456 0.9151719212532043 0.7590190172195435
1681630238.9017134 0.8352600932121277 0.4147869348526001 -0.36096030473709106 -0.07456335425376892 -0.38745248317718506 0.9097866415977478 0.14889173209667206 -0.5936908721923828 0.39015522599220276 0.015491642989218235 0.9206187725067139 0.7727801203727722
1681630239.0173287 0.8469801545143127 0.40824028849601746 -0.34053555130958557 -0.09516912698745728 -0.38002443313598633 0.9128694534301758 0.14916758239269257 -0.60181725025177 0.37176066637039185 0.003069834318011999 0.9283235669136047 0.7931388020515442
1681630239.130395 0.85434889793396 0.39904776215553284 -0.3329395651817322 -0.1066744402050972 -0.3705572485923767 0.9169247150421143 0.14810945093631744 -0.603373646736145 0.36438319087028503 -0.003163962159305811 0.9312437772750854 0.8059690594673157
1681630239.2437456 0.8613989353179932 0.3868124485015869 -0.3291928470134735 -0.11645759642124176 -0.3598867356777191 0.9221509695053101 0.14184197783470154 -0.6030287742614746 0.35843169689178467 -0.0037103944923728704 0.9335485696792603 0.8177384734153748
1681630239.3537517 0.865660548210144 0.3830772638320923 -0.32230985164642334 -0.12742215394973755 -0.35811567306518555 0.9237133264541626 0.1360396444797516 -0.605128288269043 0.349835604429245 -0.002339940285310149 0.9368082284927368 0.8274361491203308
1681630239.4705486 0.8701180815696716 0.3769836127758026 -0.3174552619457245 -0.13593822717666626 -0.3532539904117584 0.9262167811393738 0.13165894150733948 -0.6078795194625854 0.3436656594276428 -0.0024164828937500715 0.9390889406204224 0.8392046689987183
1681630239.587144 0.873188316822052 0.37721729278564453 -0.3086247742176056 -0.14455080032348633 -0.3552696406841278 0.9261242151260376 0.12679709494113922 -0.6119433045387268 0.33365491032600403 -0.0010727276094257832 0.9426947236061096 0.8476203083992004
1681630239.7047992 0.8818368911743164 0.3715415894985199 -0.2903798818588257 -0.1644025295972824 -0.34964945912361145 0.9283666610717773 0.12601780891418457 -0.6198891401290894 0.31639987230300903 -0.009595992043614388 0.948577344417572 0.8676884770393372
1681630239.823488 0.8898152709007263 0.35807880759239197 -0.2828574478626251 -0.23074038326740265 -0.3337501883506775 0.9334127306938171 0.13172473013401031 -0.6349979639053345 0.3111906051635742 -0.022806940600275993 0.9500738382339478 0.9364652037620544
1681630239.9279857 0.8927334547042847 0.35744068026542664 -0.27434131503105164 -0.24263715744018555 -0.3334381580352783 0.9335803985595703 0.13132640719413757 -0.6393042206764221 0.3030611276626587 -0.025763599202036858 0.9526228308677673 0.9469923973083496
1681630240.028979 0.8943901062011719 0.3490244746208191 -0.27972862124443054 -0.19203540682792664 -0.32632288336753845 0.9368770718574524 0.12559695541858673 -0.62657231092453 0.3059077262878418 -0.021050838753581047 0.9518283605575562 0.905921220779419
1681630240.1389356 0.8979256749153137 0.34412485361099243 -0.2744222581386566 -0.2572804093360901 -0.3217104375362396 0.938632071018219 0.12438707798719406 -0.6424669623374939 0.3003862202167511 -0.02340584062039852 0.953530490398407 0.9675269722938538
1681630240.2471714 0.8992297649383545 0.33977219462394714 -0.2755733132362366 -0.2732415795326233 -0.31913745403289795 0.9403321743011475 0.11801141500473022 -0.6488311886787415 0.29922744631767273 -0.01817360892891884 0.9540087580680847 0.9882796406745911
1681630240.3593307 0.90107661485672 0.3357734680175781 -0.27443984150886536 -0.2808595299720764 -0.31703224778175354 0.941847562789917 0.11141661554574966 -0.6495054364204407 0.29589128494262695 -0.013388624414801598 0.9551278352737427 0.9974731802940369
1681630240.4747283 0.9030645489692688 0.3309074342250824 -0.27381497621536255 -0.23308148980140686 -0.31347882747650146 0.9436068534851074 0.10647641867399216 -0.6385772824287415 0.29360753297805786 -0.010319894179701805 0.9558703303337097 0.9556071162223816
1681630240.5803845 0.9082669019699097 0.3282313048839569 -0.2594521641731262 -0.30192872881889343 -0.3109930157661438 0.9444665908813477 0.10614225268363953 -0.6560484766960144 0.27988314628601074 -0.015717681497335434 0.9599054455757141 1.0215624570846558
1681630240.6946342 0.9142298102378845 0.3192037045955658 -0.24958527088165283 -0.3106779158115387 -0.3020760416984558 0.947457492351532 0.10523457825183868 -0.659234344959259 0.2700626850128174 -0.020814845338463783 0.962617814540863 1.0346344709396362
1681630240.8023093 0.9197284579277039 0.31012365221977234 -0.24067170917987823 -0.26227718591690063 -0.2952560782432556 0.9505314230918884 0.09650854021310806 -0.646805465221405 0.2586956322193146 -0.017701881006360054 0.965796709060669 0.9926545023918152
1681630240.9184358 0.9262648820877075 0.3028676509857178 -0.22428685426712036 -0.2703832685947418 -0.289084792137146 0.9527995586395264 0.09275202453136444 -0.6513922214508057 0.24179203808307648 -0.021075023338198662 0.970099151134491 1.003212809562683
1681630241.0276456 0.9414481520652771 0.2792462408542633 -0.18893617391586304 -0.3487028181552887 -0.2657521367073059 0.9594610929489136 0.09386257082223892 -0.6712554693222046 0.20748770236968994 -0.038156554102897644 0.9774932265281677 1.086374044418335
1681630241.224531 0.9453261494636536 0.27839669585227966 -0.16986344754695892 -0.40764716267585754 -0.26582637429237366 0.959505558013916 0.09319557249546051 -0.6869914531707764 0.18893025815486908 -0.04294603690505028 0.9810509085655212 1.1551411151885986
1681630241.3237534 0.9475308656692505 0.27678704261779785 -0.15991899371147156 -0.41691237688064575 -0.26344454288482666 0.9595010280609131 0.09977304935455322 -0.692162036895752 0.18105831742286682 -0.05240827053785324 0.9820749163627625 1.1710855960845947
1681630241.4284997 0.9486381411552429 0.2729506194591522 -0.15994884073734283 -0.3800366520881653 -0.2580718398094177 0.96009361743927 0.10779257118701935 -0.6827139854431152 0.18298789858818054 -0.06097785755991936 0.9812222719192505 1.1309196949005127
1681630241.531028 0.9464092254638672 0.2825947701931 -0.15636417269706726 -0.43576598167419434 -0.2686813473701477 0.957558810710907 0.1043628379702568 -0.700383722782135 0.1792202591896057 -0.05675781890749931 0.9821704030036926 1.1979047060012817
1681630241.6376598 0.944276750087738 0.2845373749732971 -0.16546884179115295 -0.44253942370414734 -0.26981472969055176 0.9570601582527161 0.10599972307682037 -0.7041827440261841 0.1885245144367218 -0.05544714257121086 0.9805019497871399 1.210360050201416
1681630241.7434163 0.9396225214004517 0.29411596059799194 -0.17494338750839233 -0.45028960704803467 -0.27906814217567444 0.9544337391853333 0.10572248697280884 -0.7078030705451965 0.19806654751300812 -0.05051811784505844 0.9788858294487 1.221251368522644
1681630241.849845 0.93610680103302 0.2979731559753418 -0.1868579089641571 -0.4604411721229553 -0.28245916962623596 0.9534702897071838 0.10540951043367386 -0.7081296443939209 0.2095726728439331 -0.045894842594861984 0.9767153263092041 1.2372915744781494
1681630241.951527 0.9311744570732117 0.3067716658115387 -0.1969902515411377 -0.46848759055137634 -0.28993961215019226 0.9507047533988953 0.10997964441776276 -0.715983510017395 0.2210182100534439 -0.045294973999261856 0.9742172360420227 1.2491461038589478
1681630242.0595033 0.9287630319595337 0.307608038187027 -0.20682480931282043 -0.4760434329509735 -0.2905329167842865 0.9506159424781799 0.10917863249778748 -0.7199895977973938 0.23019517958164215 -0.04131167009472847 0.972267210483551 1.2619181871414185
1681630242.166062 0.9279847145080566 0.3025936484336853 -0.2174428105354309 -0.49857813119888306 -0.28931787610054016 0.95287024974823 0.09128785878419876 -0.7182685136795044 0.23481790721416473 -0.021803654730319977 0.9717947840690613 1.288215160369873
1681630242.2707672 0.9291583895683289 0.29784438014030457 -0.21898239850997925 -0.5107730031013489 -0.28577765822410583 0.9544636011123657 0.08561822026968002 -0.7192286252975464 0.2345116138458252 -0.016972625628113747 0.9719651341438293 1.3023860454559326
1681630242.3784974 0.9308990240097046 0.29293736815452576 -0.2182072401046753 -0.5313664078712463 -0.28334707021713257 0.9561002254486084 0.07474500685930252 -0.7161315083503723 0.23052357137203217 -0.007751689292490482 0.9730358719825745 1.3337221145629883
1681630242.4780645 0.9318649768829346 0.29540425539016724 -0.2106274515390396 -0.5452237129211426 -0.2845121920108795 0.955246090888977 0.08098069578409195 -0.7273584008216858 0.2251230925321579 -0.015537014231085777 0.9742063879966736 1.3485513925552368
1681630242.5790048 0.9317512512207031 0.29573994874954224 -0.21065939962863922 -0.550927996635437 -0.28385066986083984 0.9550652503967285 0.08531689643859863 -0.7379205226898193 0.22642511129379272 -0.019698316231369972 0.9738293886184692 1.366445779800415
1681630242.703293 0.9588526487350464 0.18889401853084564 -0.21194489300251007 -0.5793702006340027 -0.19123151898384094 0.9814979434013367 0.009607385843992233 -0.7158238887786865 0.20983825623989105 0.03131847828626633 0.977234423160553 1.4465502500534058
1681630242.8023794 0.9610794186592102 0.18643087148666382 -0.20388704538345337 -0.5895664095878601 -0.18876735866069794 0.9819883704185486 0.00810499768704176 -0.7203515768051147 0.20172575116157532 0.030697673559188843 0.9789608716964722 1.4617475271224976
1681630242.9006464 0.9404341578483582 0.2855464518070221 -0.18451738357543945 -0.5860593318939209 -0.27355140447616577 0.9578197002410889 0.08804015070199966 -0.7530669569969177 0.20187392830848694 -0.03232097625732422 0.9788781404495239 1.4126096963882446
1681630242.9985952 0.9686204195022583 0.17065510153770447 -0.18069665133953094 -0.6163446307182312 -0.17398981750011444 0.9847438335418701 -0.0026482772082090378 -0.7216243147850037 0.17748796939849854 0.03400454670190811 0.9835353493690491 1.4900693893432617
1681630243.0965714 0.9702264666557312 0.16702471673488617 -0.17539505660533905 -0.6205428242683411 -0.17085281014442444 0.9852728247642517 -0.006847454234957695 -0.7277456521987915 0.17166830599308014 0.03661032393574715 0.9844743609428406 1.504580020904541
1681630243.195147 0.973838210105896 0.15535908937454224 -0.16583961248397827 -0.6307923197746277 -0.15919066965579987 0.9871973991394043 -0.009984826669096947 -0.731052815914154 0.16216519474983215 0.036123719066381454 0.9861022233963013 1.5194088220596313
1681630243.2973747 0.976244330406189 0.15234093368053436 -0.15407583117485046 -0.6421287655830383 -0.15635567903518677 0.9875986576080322 -0.014211426489055157 -0.7343271970748901 0.15000008046627045 0.03796446695923805 0.9879568815231323 1.5329972505569458
1681630243.3983283 0.9765072464942932 0.1478225737810135 -0.15678654611110687 -0.6435747146606445 -0.15008988976478577 0.9886687994003296 -0.002655231626704335 -0.7493276000022888 0.15461744368076324 0.02612493559718132 0.9876289963722229 1.5538482666015625
1681630243.4936852 0.978347659111023 0.14422011375427246 -0.14844655990600586 -0.6540054082870483 -0.14638882875442505 0.9892200827598572 -0.003730220953002572 -0.7522808313369751 0.14630837738513947 0.025380367413163185 0.9889134168624878 1.5697448253631592
1681630243.5847895 0.9807000756263733 0.13535532355308533 -0.14108948409557343 -0.7102862596511841 -0.13875897228717804 0.9902195930480957 -0.01452568918466568 -0.7710858583450317 0.13774341344833374 0.03382278233766556 0.9898902773857117 1.6630643606185913
1681630243.681171 0.9810445308685303 0.13291165232658386 -0.14101800322532654 -0.7170360088348389 -0.13719294965267181 0.9903208613395691 -0.021041346713900566 -0.7726325988769531 0.13685640692710876 0.039989177137613297 0.9897834062576294 1.6782089471817017
1681630243.7709095 0.9808394908905029 0.13927756249904633 -0.1362193077802658 -0.6807162165641785 -0.14101271331310272 0.9900028109550476 -0.0031248442828655243 -0.7724826335906982 0.13442228734493256 0.022273624315857887 0.990673840045929 1.6132948398590088
1681630243.8689854 0.9815003275871277 0.13343286514282227 -0.13730557262897491 -0.7311547994613647 -0.13689155876636505 0.9904564619064331 -0.01602020487189293 -0.7901704907417297 0.13385754823684692 0.03451981395483017 0.990399181842804 1.7041243314743042
1681630243.9745224 0.9809558987617493 0.14113004505634308 -0.13344688713550568 -0.6968904733657837 -0.14236336946487427 0.9898144602775574 0.0003027051570825279 -0.785412609577179 0.13213039934635162 0.01870100386440754 0.991055965423584 1.6427419185638428
1681630244.0875218 0.9811844825744629 0.14041884243488312 -0.13251277804374695 -0.7053835391998291 -0.14186841249465942 0.9898844361305237 -0.0015144650824368 -0.7891926765441895 0.1309596747159958 0.0202853474766016 0.9911801815032959 1.6594514846801758
1681630244.1906009 0.9795145392417908 0.1461571455001831 -0.1385256052017212 -0.7096162438392639 -0.146506667137146 0.9891794323921204 0.007725992705672979 -0.8019213080406189 0.13815590739250183 0.012727187015116215 0.9903287291526794 1.6743254661560059
1681630244.305263 0.9792124629020691 0.1467723697423935 -0.1400022655725479 -0.7179878354072571 -0.14746932685375214 0.9890515804290771 0.005440166685730219 -0.8051904439926147 0.1392679363489151 0.015318960882723331 0.9901362657546997 1.6902180910110474
1681630244.4007869 0.978732168674469 0.14970450103282928 -0.14025625586509705 -0.7251986265182495 -0.15062250196933746 0.9885828495025635 0.004108184017241001 -0.8101456761360168 0.13926994800567627 0.01710493676364422 0.9901067614555359 1.6996451616287231
1681630244.4980905 0.9780960083007812 0.1550610512495041 -0.13886769115924835 -0.7324064373970032 -0.1553690880537033 0.9878183603286743 0.008686280809342861 -0.8188034892082214 0.1385229527950287 0.013079732656478882 0.9902728796005249 1.7090075016021729
1681630244.5978832 0.9767818450927734 0.16533583402633667 -0.13623975217342377 -0.8211258053779602 -0.1643480807542801 0.9862279891967773 0.018545420840382576 -0.8972020745277405 0.13742968440055847 0.004275915678590536 0.9905022978782654 1.8474889993667603
1681630244.6962867 0.9766128659248352 0.16908469796180725 -0.13280674815177917 -0.8285617232322693 -0.16703765094280243 0.985594630241394 0.02648847922682762 -0.9024567604064941 0.13537241518497467 -0.0036852695047855377 0.990787923336029 1.857174038887024
1681630244.7908099 0.9772887229919434 0.16152800619602203 -0.13716940581798553 -0.7477185726165771 -0.15978039801120758 0.9868672490119934 0.02373068779706955 -0.8321660161018372 0.13920116424560547 -0.0012747548753395677 0.9902633428573608 1.739681363105774
1681630244.8936214 0.9798542857170105 0.14905846118927002 -0.1329176127910614 -0.7945134043693542 -0.1501622051000595 0.9886597990989685 0.0017383467638865113 -0.8399006128311157 0.13166940212249756 0.018255870789289474 0.9911255836486816 1.821254014968872
1681630245.0116677 0.9808580875396729 0.14595259726047516 -0.1289001703262329 -0.7957766056060791 -0.14637722074985504 0.9892092943191528 0.006224812474101782 -0.8422237038612366 0.12841778993606567 0.012762392871081829 0.9916379451751709 1.8239970207214355
1681630245.1235547 0.9799587726593018 0.1564573347568512 -0.12329543381929398 -0.8006810545921326 -0.15563642978668213 0.9876796007156372 0.01632174849510193 -0.8469521403312683 0.12433000653982162 0.003194623626768589 0.9922357797622681 1.8250203132629395
1681630245.236498 0.9765453934669495 0.17531386017799377 -0.12499621510505676 -0.8394243717193604 -0.17115145921707153 0.984289288520813 0.04338020086288452 -0.9110323190689087 0.13063758611679077 -0.02096945233643055 0.9912083745002747 1.8813425302505493
1681630245.344016 0.9758396744728088 0.1776302605867386 -0.12721750140190125 -0.8381683826446533 -0.17310532927513123 0.9838345050811768 0.04587190970778465 -0.9123573899269104 0.13330918550491333 -0.02274160459637642 0.9908135533332825 1.8799912929534912
1681630245.4510381 0.9784426689147949 0.16295135021209717 -0.12687267363071442 -0.8010205626487732 -0.16209134459495544 0.9866268038749695 0.017143912613391876 -0.8478226661682129 0.12796960771083832 0.0037906323559582233 0.9917708039283752 1.823803186416626
1681630245.5541599 0.9783991575241089 0.16490978002548218 -0.12465885281562805 -0.8029156923294067 -0.16408316791057587 0.9863010048866272 0.01694103516638279 -0.8477687239646912 0.12574490904808044 0.00387932313606143 0.9920549988746643 1.8268136978149414
1681630245.6596582 0.9787390232086182 0.16139058768749237 -0.12658177316188812 -0.8012564778327942 -0.16073033213615417 0.9868769645690918 0.015480829402804375 -0.8469792008399963 0.12741908431053162 0.005193840246647596 0.9918354153633118 1.8248573541641235
1681630245.765229 0.9789537191390991 0.15612177550792694 -0.13143666088581085 -0.7975856065750122 -0.15572278201580048 0.9877102375030518 0.013372992165386677 -0.8461312055587769 0.13190917670726776 0.007376137655228376 0.9912343621253967 1.822859287261963
1681630245.8660624 0.9794839024543762 0.15362407267093658 -0.13042593002319336 -0.7972844243049622 -0.15336450934410095 0.9880957007408142 0.012092932127416134 -0.8460513949394226 0.13073106110095978 0.00815786886960268 0.9913843274116516 1.8203636407852173
1681630245.970803 0.9797847867012024 0.1519000232219696 -0.13018427789211273 -0.795480489730835 -0.1523427665233612 0.9883055686950684 0.006609812844544649 -0.8444437384605408 0.12966586649417877 0.013356441631913185 0.9914677739143372 1.8166866302490234
1681630246.075409 0.9781284332275391 0.1622898131608963 -0.1301025003194809 -0.8299273252487183 -0.16039837896823883 0.9867368340492249 0.024957889690995216 -0.9060841798782349 0.13242729008197784 -0.003543791826814413 0.9911864399909973 1.8652640581130981
1681630246.185475 0.9787572622299194 0.15795764327049255 -0.13070444762706757 -0.8262988328933716 -0.15754219889640808 0.9874189496040344 0.01357858907431364 -0.9022125005722046 0.13120490312576294 0.007301323115825653 0.9913283586502075 1.8565477132797241
1681630246.2921336 0.9808140397071838 0.1408383846282959 -0.13478995859622955 -0.7863053679466248 -0.14416535198688507 0.98943692445755 -0.015199516899883747 -0.8366665840148926 0.13122548162937164 0.034339942038059235 0.9907575845718384 1.8012912273406982
1681630246.4053037 0.9785012006759644 0.1600581556558609 -0.1300642490386963 -0.828317403793335 -0.15929333865642548 0.9870961308479309 0.016330791637301445 -0.9040740132331848 0.13099975883960724 0.004738671239465475 0.9913710951805115 1.8602851629257202
