1305031454.359636 0.9944500923156738 0.08459220081567764 -0.06255451589822769 -0.024943038821220398 -0.08486802875995636 0.9963906407356262 -0.0017609307542443275 -0.00023823152878321707 0.062179774045944214 0.0070600369945168495 0.998039960861206 0.007141944486647844
1305031454.391677 0.9907367825508118 0.10672124475240707 -0.08397241681814194 -0.027011722326278687 -0.10722663998603821 0.9942334294319153 -0.0015187745448201895 0.002386154141277075 0.08332610875368118 0.010508785955607891 0.9964669346809387 0.004475174006074667
1305031454.427465 0.9848928451538086 0.13795074820518494 -0.10466958582401276 -0.04409879073500633 -0.13914397358894348 0.9902635812759399 -0.004149190150201321 0.007491257041692734 0.10307808965444565 0.01865064725279808 0.9944983720779419 0.010246354155242443
1305031454.459913 0.9775419235229492 0.16215869784355164 -0.13459697365760803 -0.0390564389526844 -0.16448412835597992 0.9863598942756653 -0.0062655298970639706 0.012072294019162655 0.13174504041671753 0.028263885527849197 0.9908806085586548 0.009977687150239944
1305031454.491617 0.9702262878417969 0.19251829385757446 -0.14696134626865387 -0.048272449523210526 -0.19640949368476868 0.9804447889328003 -0.012303237803280354 0.025043407455086708 0.14171887934207916 0.040801528841257095 0.9890657067298889 0.018719574436545372
1305031454.5277 0.9602870941162109 0.22929075360298157 -0.15897956490516663 -0.05287556350231171 -0.2309931516647339 0.9729229807853699 0.007941336371004581 0.016594745218753815 0.15649574995040894 0.029097232967615128 0.9872498512268066 0.006985598709434271
1305031454.559575 0.9524579048156738 0.2539421319961548 -0.1683368980884552 -0.0627167746424675 -0.25462713837623596 0.9668741226196289 0.01787169836461544 0.022274591028690338 0.16729898750782013 0.025841105729341507 0.9855674505233765 0.007773428689688444
1305031454.591635 0.9379366636276245 0.2846863865852356 -0.19806188344955444 -0.060642171651124954 -0.2850058376789093 0.9581308364868164 0.02751353569328785 0.02824547328054905 0.19760192930698395 0.03064284473657608 0.9798032641410828 0.011842179112136364
1305031454.62758 0.9244818091392517 0.3118194043636322 -0.21932174265384674 -0.07177901268005371 -0.31047523021698 0.9496757388114929 0.04148521646857262 0.029836831614375114 0.2212204784154892 0.02974165417253971 0.974770188331604 0.0016177062643691897
1305031454.659528 0.9143804907798767 0.3216385245323181 -0.24588000774383545 -0.07264803349971771 -0.31821420788764954 0.9464409351348877 0.054673150181770325 0.037348706275224686 0.2502959370613098 0.028250453993678093 0.9677571654319763 -0.0007144837873056531
1305031454.691884 0.9021912217140198 0.3334224820137024 -0.27364295721054077 -0.07436825335025787 -0.3255017399787903 0.942540168762207 0.0752779096364975 0.03807583078742027 0.2830187976360321 0.021156176924705505 0.9588809609413147 0.0029470438603311777
1305031454.727659 0.890866219997406 0.33757176995277405 -0.30397829413414 -0.06953076273202896 -0.3275187909603119 0.9410010576248169 0.08513777703046799 0.044232551008462906 0.3147840201854706 0.023712238296866417 0.9488670825958252 -0.0009584256331436336
1305031454.759732 0.8905503153800964 0.3264751136302948 -0.3167557120323181 -0.06416985392570496 -0.31231755018234253 0.9451107382774353 0.09603819251060486 0.04897543042898178 0.3307233452796936 0.013401525095105171 0.9436326026916504 -0.004882753826677799
1305031454.791641 0.8939433693885803 0.3121061325073242 -0.3216444253921509 -0.06269567459821701 -0.2950499951839447 0.9500393867492676 0.10183634608983994 0.05339128524065018 0.33735859394073486 0.0038652715738862753 0.9413682818412781 -0.005900812800973654
1305031454.82757 0.8972298502922058 0.29791346192359924 -0.3259238004684448 -0.05732642859220505 -0.27816134691238403 0.9545788764953613 0.10679581761360168 0.05935298278927803 0.3429359495639801 -0.005160982720553875 0.9393446445465088 -0.008542741648852825
1305031454.85962 0.904211699962616 0.28203174471855164 -0.32071685791015625 -0.05382457375526428 -0.26062673330307007 0.9592912793159485 0.10878393799066544 0.0697716623544693 0.3383414149284363 -0.014776311814785004 0.9409074187278748 -0.00830350536853075
1305031454.891764 0.9115917086601257 0.2694584131240845 -0.3104718327522278 -0.05286775901913643 -0.24608057737350464 0.9626455307006836 0.11295060068368912 0.0748942419886589 0.3293098509311676 -0.026563748717308044 0.943848192691803 -0.009668811224400997
1305031454.927567 0.9196093678474426 0.25919368863105774 -0.29519012570381165 -0.05561961233615875 -0.2316424399614334 0.9646836519241333 0.12540853023529053 0.07219657301902771 0.3172702193260193 -0.04694831371307373 0.9471723437309265 -0.015332384966313839
1305031454.959648 0.9266024827957153 0.2469303011894226 -0.2836076021194458 -0.05858803167939186 -0.21851862967014313 0.9673599600791931 0.12831316888332367 0.07817525416612625 0.3060351014137268 -0.05692175775766373 0.9503170251846313 -0.01654290035367012
1305031454.991937 0.9335321187973022 0.23289461433887482 -0.2725397050380707 -0.06728608161211014 -0.20861750841140747 0.9711742401123047 0.11532288044691086 0.09819505363702774 0.29154160618782043 -0.050801049917936325 0.9552082419395447 -0.020775513723492622
1305031455.027799 0.9350718855857849 0.2286555916070938 -0.2708454430103302 -0.07127142697572708 -0.20495910942554474 0.9722071290016174 0.11316071450710297 0.10633727163076401 0.28919267654418945 -0.050301164388656616 0.9559484720230103 -0.024387342855334282
1305031455.059636 0.9377961754798889 0.22633187472820282 -0.26327213644981384 -0.076883964240551 -0.20199789106845856 0.9724371433258057 0.11645988374948502 0.10931384563446045 0.28237423300743103 -0.05603520944714546 0.9576663970947266 -0.027743209153413773
1305031455.0917 0.9398397207260132 0.2261657416820526 -0.2560282051563263 -0.08294345438480377 -0.20335225760936737 0.9725998044013977 0.1126837283372879 0.11380036920309067 0.27449819445610046 -0.05384073033928871 0.9600791931152344 -0.03128417953848839
1305031455.127695 0.9429789781570435 0.22420786321163177 -0.24601112306118011 -0.08961459249258041 -0.20258136093616486 0.9730351567268372 0.11028822511434555 0.1200232282280922 0.2641049325466156 -0.054162219166755676 0.9629720449447632 -0.035656753927469254
1305031455.15972 0.9499698877334595 0.21129660308361053 -0.2300240844488144 -0.1050027534365654 -0.19191351532936096 0.9759000539779663 0.10386846959590912 0.13218773901462555 0.2464275360107422 -0.05452718213200569 0.9676260948181152 -0.03661767765879631
1305031455.191655 0.9545016288757324 0.1997131109237671 -0.22145266830921173 -0.11485885083675385 -0.1791764795780182 0.9777102470397949 0.10944678634405136 0.13560274243354797 0.2383745014667511 -0.06478802114725113 0.9690098762512207 -0.03839622810482979
1305031455.227581 0.9585348963737488 0.18938611447811127 -0.2129412144422531 -0.12574346363544464 -0.16943728923797607 0.9795516133308411 0.10848959535360336 0.1379484385251999 0.22913332283496857 -0.06791087239980698 0.9710232019424438 -0.04022470489144325
1305031455.259631 0.963262677192688 0.17577381432056427 -0.20304855704307556 -0.13408248126506805 -0.15617512166500092 0.9817034006118774 0.10893992334604263 0.14648135006427765 0.21848225593566895 -0.07322660833597183 0.9730896353721619 -0.04355335235595703
1305031455.291831 0.9695576429367065 0.1567547768354416 -0.18811191618442535 -0.14727924764156342 -0.1349128782749176 0.983086884021759 0.12385046482086182 0.14578348398208618 0.20434454083442688 -0.09470143914222717 0.9743074178695679 -0.04599395766854286
1305031455.327766 0.9746577143669128 0.13226541876792908 -0.18041107058525085 -0.1601506620645523 -0.11157821863889694 0.98643559217453 0.12039582431316376 0.157395601272583 0.1938880980014801 -0.09721477329730988 0.9761950373649597 -0.04193960875272751
1305031455.35963 0.9768003225326538 0.11933164298534393 -0.1778230369091034 -0.16816946864128113 -0.09665326774120331 0.9866362810134888 0.13117536902427673 0.16394294798374176 0.19110003113746643 -0.1109449565410614 0.9752805233001709 -0.0430770069360733
1305031455.391665 0.9816712141036987 0.10374467074871063 -0.15987084805965424 -0.183116614818573 -0.07852096110582352 0.9845153093338013 0.1567293256521225 0.15732760727405548 0.17365515232086182 -0.1413034349679947 0.9746164083480835 -0.05154573917388916
1305031455.427642 0.9867434501647949 0.0810568779706955 -0.1405962109565735 -0.19903670251369476 -0.056593574583530426 0.9838172197341919 0.17000316083431244 0.15483757853507996 0.15210089087486267 -0.15979264676570892 0.9753623008728027 -0.057765815407037735
1305031455.459589 0.9892895817756653 0.06219703331589699 -0.13205184042453766 -0.2124733328819275 -0.037490248680114746 0.9825944304466248 0.1819417029619217 0.14750659465789795 0.1410696655511856 -0.17504236102104187 0.974402129650116 -0.060790497809648514
1305031455.491637 0.9916417598724365 0.039265651255846024 -0.12290208786725998 -0.22704586386680603 -0.015877777710556984 0.9824643135070801 0.1857740432024002 0.14880090951919556 0.12804146111011505 -0.1822698563337326 0.9748758673667908 -0.06473644077777863
1305031455.52761 0.9929121136665344 0.011259829625487328 -0.11831538379192352 -0.2347235083580017 0.010560941882431507 0.9832051396369934 0.18219789862632751 0.1536797732114792 0.11837978661060333 -0.18215607106685638 0.9761176109313965 -0.0499708354473114
1305031455.559669 0.9932634234428406 -0.013677936978638172 -0.1150672510266304 -0.2534980773925781 0.03444959595799446 0.9829667806625366 0.18052548170089722 0.15116123855113983 0.11063804477453232 -0.18327341973781586 0.9768164157867432 -0.05541014298796654
1305031455.591645 0.9935324192047119 -0.043173812329769135 -0.10502084344625473 -0.2822762429714203 0.06228984147310257 0.9805380702018738 0.186185821890831 0.14216944575309753 0.09493858367204666 -0.19152334332466125 0.9768856167793274 -0.07632545381784439
1305031455.627617 0.9913876056671143 -0.07123995572328568 -0.1098879724740982 -0.2849167287349701 0.09114369750022888 0.9778667688369751 0.18833325803279877 0.14006251096725464 0.09403892606496811 -0.19672687351703644 0.9759382009506226 -0.06271611899137497
1305031455.659615 0.9910708069801331 -0.08275953680276871 -0.10454379767179489 -0.2992776036262512 0.10142136365175247 0.9768919348716736 0.18813768029212952 0.12718893587589264 0.0865577980875969 -0.19706079363822937 0.9765627980232239 -0.06518196314573288
1305031455.691605 0.9920814633369446 -0.07891880720853806 -0.0977034866809845 -0.3165530860424042 0.09550701081752777 0.9792368412017822 0.17881201207637787 0.1272868663072586 0.08156318217515945 -0.18672750890254974 0.9790201783180237 -0.06693674623966217
1305031455.727628 0.9939810037612915 -0.0682174563407898 -0.08572163432836533 -0.3274383544921875 0.0823330283164978 0.9813451766967773 0.17373202741146088 0.12802095711231232 0.072270967066288 -0.17974407970905304 0.9810550212860107 -0.06826484203338623
1305031455.759683 0.9955889582633972 -0.061342932283878326 -0.07099094241857529 -0.3434984087944031 0.07307025045156479 0.9815704226493835 0.1765792965888977 0.12027619034051895 0.058850716799497604 -0.18098771572113037 0.9817230105400085 -0.07376410812139511
1305031455.791666 0.9964407086372375 -0.06399014592170715 -0.05487387254834175 -0.36063945293426514 0.07295777648687363 0.9807469248771667 0.18114186823368073 0.10546617209911346 0.04222610220313072 -0.18450063467025757 0.981924831867218 -0.07688917964696884
1305031455.82759 0.9971050024032593 -0.06300631165504456 -0.042564839124679565 -0.3792051672935486 0.06949950009584427 0.9822814464569092 0.1740490198135376 0.10185454785823822 0.030844461172819138 -0.17650341987609863 0.9838166832923889 -0.0835905522108078
1305031455.859526 0.9972766637802124 -0.06208731234073639 -0.03980526328086853 -0.3897937834262848 0.06817566603422165 0.9819457530975342 0.17644990980625153 0.09355102479457855 0.02813131920993328 -0.17868313193321228 0.9835043549537659 -0.08684482425451279
1305031455.891657 0.9977721571922302 -0.06129156053066254 -0.02634398080408573 -0.41254550218582153 0.06505344808101654 0.9814139604568481 0.18053975701332092 0.08193420618772507 0.014788752421736717 -0.181851327419281 0.9832149744033813 -0.09555208683013916
1305031455.927955 0.9979455471038818 -0.058684978634119034 -0.02570698969066143 -0.4079379141330719 0.06233510002493858 0.9820616841316223 0.17795829474925995 0.08386066555976868 0.014802379533648491 -0.1791951209306717 0.9837020635604858 -0.0953945592045784
1305031455.959716 0.9984241127967834 -0.053500089794397354 -0.01694531925022602 -0.41904279589653015 0.05565209314227104 0.9827843308448792 0.17617611587047577 0.08111723512411118 0.007228164933621883 -0.17684157192707062 0.9842126369476318 -0.1007295474410057
1305031455.991694 0.9987784624099731 -0.04893232136964798 -0.006872373167425394 -0.42920294404029846 0.04936940222978592 0.9823963642120361 0.18016694486141205 0.07833537459373474 -0.002064582658931613 -0.18028615415096283 0.9836119413375854 -0.10399124026298523
1305031456.02777 0.9990361332893372 -0.043577831238508224 0.005286715924739838 -0.43924328684806824 0.04182378575205803 0.9814945459365845 0.18686704337596893 0.08107111603021622 -0.01333212573081255 -0.1864658147096634 0.982370913028717 -0.1096995398402214
1305031456.059713 0.9993571043014526 -0.030174516141414642 0.019366465508937836 -0.4538600742816925 0.025370368734002113 0.9767814874649048 0.2127305567264557 0.06956888735294342 -0.025335825979709625 -0.21210242807865143 0.9769188761711121 -0.10750223696231842
1305031456.091707 0.9992424845695496 -0.021537447348237038 0.03241414949297905 -0.4695803225040436 0.01344265602529049 0.9726529717445374 0.23187388479709625 0.05531245097517967 -0.03652169182896614 -0.23126251995563507 0.9722055792808533 -0.10505533963441849
1305031456.127645 0.9990487098693848 -0.01959119737148285 0.03896225616335869 -0.47283148765563965 0.009976066648960114 0.9723916053771973 0.2331417202949524 0.05242091789841652 -0.0424540750682354 -0.23253126442432404 0.9716618657112122 -0.10522420704364777
1305031456.159731 0.9986103773117065 -0.019836056977510452 0.04882590100169182 -0.4781665802001953 0.007357507944107056 0.9698634147644043 0.2435382455587387 0.037840746343135834 -0.05218527093529701 -0.24284060299396515 0.9686614274978638 -0.10341503471136093
1305031456.191658 0.99775230884552 -0.025621268898248672 0.06191834434866905 -0.47883322834968567 0.009918118827044964 0.9703046083450317 0.24168290197849274 0.025005023926496506 -0.06627188622951508 -0.24052558839321136 0.9683777689933777 -0.10190317034721375
1305031456.227678 0.9961888790130615 -0.030271971598267555 0.08179984241724014 -0.48519253730773926 0.010972579009830952 0.9738840460777283 0.2267806977033615 0.03377329185605049 -0.08652866631746292 -0.22501885890960693 0.970504641532898 -0.10433176904916763
1305031456.259614 0.9938785433769226 -0.03737060725688934 0.1039656400680542 -0.4919571578502655 0.011727417819201946 0.9714220762252808 0.23706874251365662 0.022070351988077164 -0.10985391587018967 -0.23439829051494598 0.9659138917922974 -0.09918088465929031
1305031456.291675 0.9898389577865601 -0.04553202539682388 0.13470588624477386 -0.5064989924430847 0.012723952531814575 0.9719077348709106 0.23501773178577423 0.014482952654361725 -0.14162252843379974 -0.23091571033000946 0.9626115560531616 -0.09220120310783386
1305031456.327718 0.9862813949584961 -0.05904841423034668 0.1541500985622406 -0.5103309750556946 0.021554799750447273 0.9719050526618958 0.23438426852226257 0.0027895846869796515 -0.16365927457809448 -0.2278461754322052 0.9598446488380432 -0.08542410284280777
1305031456.359846 0.9811137318611145 -0.07013184577226639 0.18027015030384064 -0.5193154811859131 0.029076142236590385 0.9748395681381226 0.22100335359573364 0.00925598107278347 -0.19123384356498718 -0.21158786118030548 0.9584676623344421 -0.08636784553527832
1305031456.391619 0.9747375845909119 -0.07882868498563766 0.20898011326789856 -0.528184175491333 0.029226014390587807 0.9726189970970154 0.23056061565876007 -0.0031025761272758245 -0.22143281996250153 -0.21862845122814178 0.9503520727157593 -0.0707397386431694
1305031456.427662 0.9679474234580994 -0.08823482692241669 0.2351430058479309 -0.5399573445320129 0.03757927939295769 0.976597785949707 0.21176545321941376 0.0017993372166529298 -0.24832521378993988 -0.19614137709140778 0.9486111998558044 -0.06697110086679459
1305031456.45961 0.9619548320770264 -0.09938693046569824 0.2544896900653839 -0.5583329200744629 0.0473654679954052 0.9780483841896057 0.20292292535305023 0.012555684894323349 -0.26907116174697876 -0.18314868211746216 0.9455460906028748 -0.06063397601246834
1305031456.491677 0.9603515267372131 -0.11530432105064392 0.2538302540779114 -0.5671836137771606 0.060171060264110565 0.9747310280799866 0.21512539684772491 0.012499576434493065 -0.2722211182117462 -0.19132278859615326 0.9430224299430847 -0.04919407144188881
1305031456.527641 0.9586142897605896 -0.12969693541526794 0.2534506022930145 -0.5775460004806519 0.0710613876581192 0.971034049987793 0.22812992334365845 0.009797495789825916 -0.27569690346717834 -0.20067808032035828 0.9400635957717896 -0.036888375878334045
1305031456.559608 0.9576241374015808 -0.14044596254825592 0.25145748257637024 -0.5802613496780396 0.07990843802690506 0.9683336019515991 0.2365262359380722 0.003868896048516035 -0.27671393752098083 -0.20640967786312103 0.9385225176811218 -0.022788511589169502
1305031456.591651 0.9538304805755615 -0.15222199261188507 0.2589125335216522 -0.5868766903877258 0.09299656748771667 0.9693691730499268 0.2273213416337967 0.015814779326319695 -0.2855851352214813 -0.19274809956550598 0.9387701749801636 -0.020499102771282196
1305031456.627612 0.9503083825111389 -0.17237123847007751 0.259233683347702 -0.5894377827644348 0.1061522513628006 0.962233304977417 0.2506771385669708 0.022071922197937965 -0.29265278577804565 -0.21070237457752228 0.932715892791748 -0.013918505981564522
1305031456.659665 0.9431004524230957 -0.19066162407398224 0.27241453528404236 -0.6005350351333618 0.10965008288621902 0.9517748951911926 0.2865334451198578 0.006491682026535273 -0.31390824913978577 -0.2403595894575119 0.9185253381729126 0.008380809798836708
1305031456.691612 0.9367150664329529 -0.2071465402841568 0.282232403755188 -0.6097662448883057 0.1252402812242508 0.951088547706604 0.2823922038078308 0.007607094012200832 -0.3269246220588684 -0.2291741967201233 0.9168421030044556 0.019741389900445938
1305031456.727693 0.9301199913024902 -0.22932042181491852 0.28686055541038513 -0.6238417029380798 0.14546680450439453 0.9472498893737793 0.28558191657066345 0.018177716061472893 -0.3372184634208679 -0.223896786570549 0.9144145846366882 0.02916776016354561
1305031456.759615 0.9284530878067017 -0.24547988176345825 0.27877315878868103 -0.6317856907844543 0.15600450336933136 0.9388006329536438 0.3071090579032898 0.003001678502187133 -0.337101548910141 -0.24164649844169617 0.9099283218383789 0.04314378276467323
1305031456.791649 0.9277021288871765 -0.25574594736099243 0.27196094393730164 -0.6432870030403137 0.17318615317344666 0.940183699131012 0.293362021446228 0.006197990849614143 -0.3307194113731384 -0.22505272924900055 0.916502058506012 0.055917736142873764
1305031456.827603 0.9265437126159668 -0.27026116847991943 0.2616784870624542 -0.6449867486953735 0.1940881907939911 0.9393085241317749 0.28289446234703064 0.02313092164695263 -0.32225218415260315 -0.21132540702819824 0.9227648973464966 0.06204921007156372
1305031456.859634 0.9219689965248108 -0.28870847821235657 0.25810933113098145 -0.6485716104507446 0.2082172930240631 0.9315176010131836 0.2981957495212555 0.021980421617627144 -0.3265249729156494 -0.22118446230888367 0.9189444780349731 0.07629488408565521
1305031456.891672 0.9189616441726685 -0.29879194498062134 0.25735703110694885 -0.6484860777854919 0.21433089673519135 0.9262464046478271 0.31004825234413147 0.014179867692291737 -0.3310158848762512 -0.22976288199424744 0.9152253270149231 0.08514739573001862
1305031456.92769 0.9118771553039551 -0.3078533411026001 0.27148863673210144 -0.6564598679542542 0.22379469871520996 0.9273534417152405 0.2998858392238617 0.019238825887441635 -0.34408676624298096 -0.21270133554935455 0.9145285487174988 0.09257033467292786
1305031456.959667 0.9052553176879883 -0.3177699148654938 0.28201934695243835 -0.6664767861366272 0.23385746777057648 0.9268539547920227 0.29368770122528076 0.03452928364276886 -0.35471582412719727 -0.1999100148677826 0.913352370262146 0.096598781645298
1305031456.991709 0.9000625014305115 -0.32573816180229187 0.28945106267929077 -0.6751300096511841 0.2314523309469223 0.9201614260673523 0.3158051669597626 0.02946798875927925 -0.36921143531799316 -0.2172503024339676 0.9035956859588623 0.11029718071222305
1305031457.027648 0.8943330645561218 -0.3345159888267517 0.2970978617668152 -0.6829075217247009 0.23627635836601257 0.9170334935188293 0.3212835192680359 0.028070436790585518 -0.37992313504219055 -0.21713726222515106 0.8991716504096985 0.11863037198781967
1305031457.059621 0.8881067037582397 -0.34612348675727844 0.30243146419525146 -0.6906226277351379 0.24645236134529114 0.9139893651008606 0.322311669588089 0.037661466747522354 -0.387978732585907 -0.21171221137046814 0.89702308177948 0.12088458240032196
1305031457.091655 0.8808481693267822 -0.36011433601379395 0.30728474259376526 -0.69883793592453 0.2481929361820221 0.9040409326553345 0.348008930683136 0.02944384701550007 -0.4031209647655487 -0.2302771508693695 0.8857007026672363 0.12851014733314514
1305031457.127632 0.8735111951828003 -0.3725619614124298 0.31332990527153015 -0.7045263648033142 0.25293928384780884 0.8972978591918945 0.36177119612693787 0.01972944289445877 -0.41593238711357117 -0.2367577701807022 0.8780352473258972 0.13211461901664734
1305031457.159693 0.8625942468643188 -0.3854760527610779 0.3276268541812897 -0.715143084526062 0.26019805669784546 0.893443763256073 0.3661355674266815 0.013596676290035248 -0.4338526129722595 -0.23057852685451508 0.8709795475006104 0.13369543850421906
1305031457.191735 0.8517274856567383 -0.3960394561290741 0.34309324622154236 -0.7282153367996216 0.26669520139694214 0.8912747502326965 0.3667466640472412 0.01232873648405075 -0.4510364532470703 -0.22086688876152039 0.8647449612617493 0.1334482729434967
1305031457.227543 0.8417672514915466 -0.40847349166870117 0.3529551327228546 -0.7388070821762085 0.2717481851577759 0.8855558633804321 0.37675443291664124 0.00812534149736166 -0.4664556086063385 -0.2212246060371399 0.8564337491989136 0.1359049379825592
1305031457.259691 0.8325130343437195 -0.4186238944530487 0.3628717362880707 -0.7440006136894226 0.2784182131290436 0.8824182152748108 0.37923774123191833 -0.0007520594517700374 -0.47896260023117065 -0.21469031274318695 0.8511772751808167 0.1403678059577942
1305031457.291656 0.81975919008255 -0.4274761974811554 0.3811286687850952 -0.7565644979476929 0.28756818175315857 0.8827456831932068 0.3715704381465912 -0.007499270606786013 -0.4952772557735443 -0.19499775767326355 0.8465673327445984 0.13488969206809998
1305031457.327548 0.8047645092010498 -0.43157774209976196 0.40754687786102295 -0.773623526096344 0.2894037961959839 0.8847153782844543 0.36540958285331726 -0.0037043746560811996 -0.5182654857635498 -0.17612306773662567 0.8368879556655884 0.1369398534297943
1305031457.359712 0.7918914556503296 -0.44203975796699524 0.4213176965713501 -0.7813953161239624 0.29286321997642517 0.880326509475708 0.3731708228588104 -0.011480497196316719 -0.535853385925293 -0.17212237417697906 0.8265801668167114 0.13574549555778503
1305031457.391684 0.772938072681427 -0.45262739062309265 0.4446291923522949 -0.7975093722343445 0.29646238684654236 0.8772153258323669 0.3776283860206604 -0.028098251670598984 -0.5609606504440308 -0.16006752848625183 0.8122202754020691 0.13403847813606262
1305031457.427641 0.7560214996337891 -0.46090924739837646 0.4647516906261444 -0.8168092966079712 0.30261531472206116 0.8757220506668091 0.3762110471725464 -0.03267636150121689 -0.5803924798965454 -0.14378266036510468 0.8015430569648743 0.1354309320449829
1305031457.459614 0.7468079924583435 -0.46841081976890564 0.4720902442932129 -0.8310823440551758 0.30803608894348145 0.872765064239502 0.37867501378059387 -0.041025761514902115 -0.5893994569778442 -0.13737671077251434 0.7960754036903381 0.1364075094461441
1305031457.491705 0.7430649399757385 -0.4758867621421814 0.4705170691013336 -0.8382323384284973 0.3154005706310272 0.8691345453262329 0.3809562921524048 -0.0529315248131752 -0.5902346968650818 -0.13467389345169067 0.795918345451355 0.13287994265556335
1305031457.527638 0.7361839413642883 -0.4773741662502289 0.47973647713661194 -0.8498380780220032 0.318654328584671 0.8698553442955017 0.37657812237739563 -0.061711594462394714 -0.5970700979232788 -0.12436065077781677 0.7924909591674805 0.1308003067970276
1305031457.559685 0.7291494011878967 -0.48186665773391724 0.4859481155872345 -0.8581278324127197 0.326137900352478 0.8689331412315369 0.37227576971054077 -0.0682985782623291 -0.6016436219215393 -0.11295859515666962 0.7907370924949646 0.1260884702205658
1305031457.591678 0.719907820224762 -0.4840278625488281 0.49744313955307007 -0.873967707157135 0.3298048675060272 0.8691826462745667 0.36844316124916077 -0.07369717210531235 -0.6107057332992554 -0.10118599236011505 0.7853660583496094 0.1258232444524765
1305031457.627526 0.7144949436187744 -0.48940348625183105 0.499981164932251 -0.8833249807357788 0.3334033191204071 0.8664366602897644 0.37165823578834534 -0.08534414321184158 -0.6150928139686584 -0.09885263442993164 0.7822333574295044 0.12677213549613953
1305031457.659632 0.7067915797233582 -0.4896206557750702 0.5106047987937927 -0.9009472131729126 0.33842843770980835 0.8678532242774963 0.36372658610343933 -0.08706735819578171 -0.6212180256843567 -0.0842757523059845 0.7790928483009338 0.1261301338672638
1305031457.69157 0.7025696039199829 -0.49811360239982605 0.5082113146781921 -0.9127477407455444 0.3402443826198578 0.8623799681663513 0.37487927079200745 -0.0959816575050354 -0.6250035762786865 -0.09046278148889542 0.7753624320030212 0.1281021386384964
1305031457.727669 0.7024893164634705 -0.5002195239067078 0.5062501430511475 -0.9178442358970642 0.33445999026298523 0.8599242568016052 0.385573148727417 -0.11459187418222427 -0.6282079219818115 -0.10154064744710922 0.7713910341262817 0.13188178837299347
1305031457.759556 0.7014788389205933 -0.4963448643684387 0.511438250541687 -0.9256564378738403 0.33125051856040955 0.8624595403671265 0.38267022371292114 -0.1261306256055832 -0.6310312151908875 -0.09902092069387436 0.7694117426872253 0.1320529580116272
1305031457.791567 0.6994796395301819 -0.4909268915653229 0.5193447470664978 -0.9277186989784241 0.3291701376438141 0.8663532733917236 0.3756047189235687 -0.1433113068342209 -0.6343305110931396 -0.0917750671505928 0.7675949931144714 0.1305112987756729
1305031457.827699 0.6879284381866455 -0.4802844226360321 0.5441335439682007 -0.9443930983543396 0.3276745080947876 0.8744950890541077 0.3576139509677887 -0.14409027993679047 -0.6475984454154968 -0.067714162170887 0.7589670419692993 0.12973055243492126
1305031457.859623 0.6773748993873596 -0.4798419177532196 0.5575975179672241 -0.9528515934944153 0.32264575362205505 0.874971330165863 0.3610055148601532 -0.15694960951805115 -0.6611073613166809 -0.06462963670492172 0.7475026249885559 0.13300082087516785
1305031457.891593 0.668721616268158 -0.47382277250289917 0.572977602481842 -0.959965705871582 0.31383413076400757 0.8785012364387512 0.36019954085350037 -0.18056337535381317 -0.6740322113037109 -0.0610533244907856 0.7361746430397034 0.13980208337306976
1305031457.927633 0.6574667692184448 -0.46503928303718567 0.5928539633750916 -0.9735608696937561 0.32861173152923584 0.8850164413452148 0.32978808879852295 -0.17681196331977844 -0.6780499219894409 -0.022005992010235786 0.7346863150596619 0.14219167828559875
1305031457.959632 0.6492488980293274 -0.4641777575016022 0.6025071740150452 -0.9852510690689087 0.33564552664756775 0.8857219815254211 0.3206848204135895 -0.1815498322248459 -0.6825085878372192 -0.00597543315961957 0.7308531403541565 0.15029193460941315
1305031457.991644 0.6465330123901367 -0.46271687746047974 0.6065378785133362 -0.9904595017433167 0.336884081363678 0.8865057826042175 0.317201167345047 -0.19684173166751862 -0.6844736933708191 -0.0007480555796064436 0.7290372252464294 0.1566612273454666
1305031458.027845 0.6424738168716431 -0.4565902650356293 0.6154289245605469 -0.9937834739685059 0.33914443850517273 0.8895938992500305 0.30594685673713684 -0.20927317440509796 -0.6871743202209473 0.012156490236520767 0.7263908982276917 0.16024304926395416
1305031458.059689 0.6312398910522461 -0.4464980959892273 0.6341733336448669 -1.008301854133606 0.3452335298061371 0.8939535617828369 0.28576332330703735 -0.2018311321735382 -0.6945143342018127 0.038552720099687576 0.7184452414512634 0.1670442670583725
1305031458.09169 0.6230244040489197 -0.44871750473976135 0.6406974196434021 -1.0163228511810303 0.3441130518913269 0.8928055763244629 0.29066234827041626 -0.20556016266345978 -0.702443540096283 0.03938261419534683 0.7106491327285767 0.178456112742424
1305031458.127605 0.6150463819503784 -0.4510832726955414 0.6467162370681763 -1.0218827724456787 0.3388896882534027 0.8918026089668274 0.29973629117012024 -0.21615417301654816 -0.7119492888450623 0.034813765436410904 0.7013674378395081 0.19584396481513977
1305031458.159638 0.6079727411270142 -0.4530538320541382 0.6520057320594788 -1.0294930934906006 0.339984655380249 0.8906667232513428 0.3018662631511688 -0.2264222800731659 -0.7174814343452454 0.03814546763896942 0.6955323815345764 0.2095775604248047
1305031458.191646 0.6025798320770264 -0.45626384019851685 0.6547678112983704 -1.0396486520767212 0.34730032086372375 0.8886092305183411 0.29959341883659363 -0.22387036681175232 -0.718526303768158 0.046872109174728394 0.6939185857772827 0.2242007702589035
1305031458.227611 0.6025286316871643 -0.4644808769226074 0.6490122079849243 -1.0476099252700806 0.34323278069496155 0.8849625587463379 0.31469446420669556 -0.23053078353405 -0.7205210328102112 0.033149849623441696 0.6926403641700745 0.24418778717517853
1305031458.259934 0.6042284965515137 -0.47155556082725525 0.6422954201698303 -1.0430612564086914 0.33923354744911194 0.8816180229187012 0.3281315267086029 -0.2557563781738281 -0.7209914922714233 0.0196217130869627 0.692666232585907 0.2673617899417877
1305031458.291664 0.6032680869102478 -0.4598952829837799 0.6515856981277466 -1.0596106052398682 0.34139424562454224 0.8872699737548828 0.3101646900177002 -0.25927042961120605 -0.7207756042480469 0.03533513844013214 0.6922672390937805 0.2853972315788269
1305031458.327628 0.6082879304885864 -0.4656773805618286 0.6427521109580994 -1.06123685836792 0.3498453199863434 0.8841979503631592 0.30951929092407227 -0.2680801749229431 -0.7124563455581665 0.036587007343769073 0.7007619738578796 0.29773014783859253
1305031458.35959 0.610560953617096 -0.4632847011089325 0.6423259377479553 -1.0553779602050781 0.3559662997722626 0.8850412964820862 0.2999831438064575 -0.28052958846092224 -0.7074626684188843 0.045488391071558 0.705285370349884 0.3195682466030121
1305031458.391626 0.6148862838745117 -0.44793760776519775 0.6490507125854492 -1.0626137256622314 0.36845076084136963 0.890851616859436 0.26575830578804016 -0.26860862970352173 -0.69725102186203 0.07573205232620239 0.7128154635429382 0.3247425854206085
1305031458.427598 0.603553056716919 -0.46182405948638916 0.6499555706977844 -1.0583652257919312 0.3918457627296448 0.8817436695098877 0.262649804353714 -0.27971988916397095 -0.694392204284668 0.09615925699472427 0.713142991065979 0.3331698179244995
1305031458.459637 0.5950773358345032 -0.4539403021335602 0.6631900668144226 -1.0460515022277832 0.40706172585487366 0.881767988204956 0.23829787969589233 -0.27260467410087585 -0.6929528117179871 0.12815363705158234 0.7095019817352295 0.3474998474121094
1305031458.491696 0.5830451846122742 -0.43163010478019714 0.6882978081703186 -1.0385057926177979 0.4078020453453064 0.8882226943969727 0.21156054735183716 -0.2813167870044708 -0.7026776671409607 0.1573398858308792 0.6938936114311218 0.35578927397727966
1305031458.527737 0.5703787207603455 -0.39547547698020935 0.719907820224762 -1.0487165451049805 0.4038664996623993 0.8982240557670593 0.17345112562179565 -0.2591091990470886 -0.7152342796325684 0.19181378185749054 0.6720471978187561 0.37861815094947815
1305031458.559628 0.5557018518447876 -0.37492358684539795 0.7420428991317749 -1.0557453632354736 0.3922872543334961 0.9051818251609802 0.16357438266277313 -0.2556500732898712 -0.7330116033554077 0.20019540190696716 0.6500890254974365 0.3998611867427826
1305031458.591641 0.5510846376419067 -0.34888702630996704 0.7580128908157349 -1.058605432510376 0.37837332487106323 0.9141213297843933 0.14565631747245789 -0.25257325172424316 -0.7437333464622498 0.20654292404651642 0.6357677578926086 0.4207512140274048
1305031458.627659 0.5533069372177124 -0.3350762724876404 0.7626108527183533 -1.0620473623275757 0.37623023986816406 0.9173476099967957 0.13009336590766907 -0.22946086525917053 -0.7431703805923462 0.21493569016456604 0.6336405873298645 0.4385969340801239
1305031458.659623 0.5528643727302551 -0.3413218855857849 0.7601580619812012 -1.073974609375 0.36728689074516296 0.9186770915985107 0.14537078142166138 -0.2329796552658081 -0.7479580640792847 0.19882577657699585 0.6332669258117676 0.46083736419677734
1305031458.691674 0.5814555287361145 -0.3380056917667389 0.7400415539741516 -1.0672589540481567 0.35829102993011475 0.9230416417121887 0.14007726311683655 -0.22248239815235138 -0.7304361462593079 0.18370158970355988 0.6578120589256287 0.4828689694404602
1305031458.72765 0.6046123504638672 -0.340162456035614 0.7202314734458923 -1.0594691038131714 0.35419970750808716 0.924721360206604 0.1394023299217224 -0.22651472687721252 -0.7134329080581665 0.170821413397789 0.6795833110809326 0.49329373240470886
1305031458.759945 0.6303537487983704 -0.31573086977005005 0.7092025279998779 -1.0630253553390503 0.33958640694618225 0.9336618185043335 0.11382687836885452 -0.21743498742580414 -0.6980940699577332 0.1690843552350998 0.695755124092102 0.5119659900665283
1305031458.791632 0.6668918132781982 -0.30862700939178467 0.6782364845275879 -1.0519963502883911 0.3355776071548462 0.9370630383491516 0.096439890563488 -0.2005559355020523 -0.6653143167495728 0.1632860004901886 0.7284878492355347 0.5092968344688416
1305031458.827564 0.6841908693313599 -0.3155404329299927 0.6575083136558533 -1.039820671081543 0.3319302499294281 0.9374969601631165 0.1045074313879013 -0.19796518981456757 -0.649388313293457 0.14674389362335205 0.7461642026901245 0.5149406790733337
1305031458.859887 0.6938058733940125 -0.3155457079410553 0.6473518013954163 -1.0295735597610474 0.32767578959465027 0.9387788772583008 0.1064092293381691 -0.207450270652771 -0.6412971019744873 0.13829417526721954 0.7547269463539124 0.5212463736534119
1305031458.891665 0.7001746296882629 -0.29900848865509033 0.6483436226844788 -1.0221964120864868 0.3188644051551819 0.9434456825256348 0.09075052291154861 -0.20091024041175842 -0.638812243938446 0.14319245517253876 0.755919873714447 0.5243578553199768
1305031458.927621 0.6848834156990051 -0.2964893877506256 0.6656040549278259 -1.0289971828460693 0.3208756148815155 0.9428528547286987 0.0898183062672615 -0.18956227600574493 -0.6541968584060669 0.15206106007099152 0.7408804893493652 0.5408034920692444
1305031458.959617 0.6670475602149963 -0.32793542742729187 0.6689587831497192 -1.0275018215179443 0.34354907274246216 0.9321427345275879 0.11438528448343277 -0.19754864275455475 -0.661076009273529 0.15351976454257965 0.7344454526901245 0.5457174777984619
1305031458.991647 0.6515979766845703 -0.33493712544441223 0.6806154251098633 -1.0291584730148315 0.3450242578983307 0.929919958114624 0.12730780243873596 -0.2210836261510849 -0.6755578517913818 0.1518753170967102 0.7214952707290649 0.5668346285820007
1305031459.027665 0.650567352771759 -0.3157961368560791 0.6906771063804626 -1.0439878702163696 0.34159502387046814 0.9339339137077332 0.1052621528506279 -0.2249402105808258 -0.6782882213592529 0.16745175421237946 0.7154614329338074 0.5849588513374329
1305031459.059631 0.6509656310081482 -0.32523617148399353 0.6859046220779419 -1.0504710674285889 0.36639517545700073 0.9259657263755798 0.09133469313383102 -0.237498477101326 -0.6648294925689697 0.19185636937618256 0.7219368815422058 0.601742684841156
1305031459.09165 0.651578962802887 -0.3285661041736603 0.6837318539619446 -1.0705430507659912 0.3836764693260193 0.9202845692634583 0.07660727947950363 -0.2579125761985779 -0.6543983817100525 0.21241609752178192 0.7257011532783508 0.6306036114692688
1305031459.127618 0.6716198325157166 -0.3323177397251129 0.6621870398521423 -1.0947420597076416 0.40302449464797974 0.9138312339782715 0.04983941465616226 -0.2763954997062683 -0.6216897964477539 0.23340441286563873 0.7476792335510254 0.6389658451080322
1305031459.159639 0.699254035949707 -0.33368900418281555 0.6322147846221924 -1.0967439413070679 0.41738271713256836 0.9085546135902405 0.01790221594274044 -0.2761441469192505 -0.5803754329681396 0.2513572871685028 0.7745863795280457 0.6491591334342957
1305031459.191674 0.7140634655952454 -0.3458854556083679 0.6086678504943848 -1.1011962890625 0.43477150797843933 0.9005393981933594 0.0016903555952012539 -0.28211045265197754 -0.5487141013145447 0.26342445611953735 0.7934232950210571 0.6533857583999634
1305031459.227607 0.732026219367981 -0.3581618666648865 0.579532265663147 -1.0911182165145874 0.45113977789878845 0.8922633528709412 -0.01841399073600769 -0.27059972286224365 -0.5105002522468567 0.27492958307266235 0.8147412538528442 0.65733402967453
1305031459.25976 0.7307827472686768 -0.37377357482910156 0.5711828470230103 -1.0754809379577637 0.4745410680770874 0.8796697854995728 -0.031494565308094025 -0.2513652443885803 -0.49068039655685425 0.2940654158592224 0.8202184438705444 0.6725907921791077
1305031459.29169 0.6987616419792175 -0.3923253118991852 0.5981746912002563 -1.0862488746643066 0.49731388688087463 0.8674879670143127 -0.011980446055531502 -0.25453412532806396 -0.5142090320587158 0.30585208535194397 0.8012762069702148 0.6840235590934753
1305031459.327632 0.6626172661781311 -0.4122816324234009 0.6252696514129639 -1.0830038785934448 0.5236616134643555 0.8518994450569153 0.006773520261049271 -0.2526901960372925 -0.5354594588279724 0.32294151186943054 0.7803794145584106 0.6930725574493408
1305031459.359651 0.6090025901794434 -0.4255965054035187 0.6693156957626343 -1.092063069343567 0.5553908944129944 0.831264853477478 0.02323107048869133 -0.2502099871635437 -0.5662656426429749 0.35758405923843384 0.7426149845123291 0.7040526866912842
1305031459.391667 0.5431336164474487 -0.45369449257850647 0.7065176963806152 -1.095183253288269 0.5967212915420532 0.8005380034446716 0.055342208594083786 -0.2385586053133011 -0.5907026529312134 0.3915359079837799 0.7055282592773438 0.7219772338867188
1305031459.427646 0.4476255476474762 -0.5099292397499084 0.7345771193504333 -1.1020597219467163 0.647596001625061 0.751335859298706 0.12694047391414642 -0.23988986015319824 -0.6166447401046753 0.4188874661922455 0.6665452718734741 0.708920955657959
1305031459.459679 0.3486787974834442 -0.5111439228057861 0.785592257976532 -1.120999813079834 0.6783525347709656 0.7160174250602722 0.16479380428791046 -0.23535405099391937 -0.646730899810791 0.4754484295845032 0.5963958501815796 0.73470139503479
1305031459.491555 0.2751822769641876 -0.5322989821434021 0.8005827069282532 -1.1290878057479858 0.7150560617446899 0.669948935508728 0.19965760409832 -0.22094903886318207 -0.6426270008087158 0.5175192356109619 0.5649816989898682 0.7483603358268738
1305031459.527594 0.20160499215126038 -0.5627006888389587 0.8017004132270813 -1.129409670829773 0.736981987953186 0.6262738108634949 0.2542414367198944 -0.21883496642112732 -0.6451455950737 0.5395823121070862 0.5409603118896484 0.759034276008606
