1305031455.991694 0.9985235929489136 0.013968217186629772 0.05249276012182236 -0.09080279618501663 -0.014087381772696972 0.9998989105224609 0.0019007609225809574 -0.027954263612627983 -0.05246090888977051 -0.002637439640238881 0.9986194968223572 -0.03562802076339722
1305031456.02777 0.9976024031639099 0.02109801582992077 0.06591136753559113 -0.10383284091949463 -0.021566256880760193 0.9997469186782837 0.006400609388947487 -0.02152078226208687 -0.06575965136289597 -0.00780672300606966 0.9978049397468567 -0.0418931245803833
1305031456.059713 0.9964128136634827 0.03102077730000019 0.07873483002185822 -0.11816392838954926 -0.03370510786771774 0.9988869428634644 0.03299621865153313 -0.03476210683584213 -0.0776236429810524 -0.035531625151634216 0.9963493943214417 -0.04099677503108978
1305031456.091707 0.9957060813903809 0.03419018164277077 0.08602479100227356 -0.12785576283931732 -0.03883079066872597 0.9978464245796204 0.05286272615194321 -0.05133184418082237 -0.08403214812278748 -0.055976152420043945 0.9948895573616028 -0.045197468250989914
1305031456.127645 0.9946914911270142 0.03647483140230179 0.09622030705213547 -0.13896286487579346 -0.04203401878476143 0.9975232481956482 0.05639547482132912 -0.05820711702108383 -0.09392498433589935 -0.06014062836766243 0.9937611818313599 -0.04416300728917122
1305031456.159731 0.993867039680481 0.034392163157463074 0.10509674996137619 -0.14453354477882385 -0.04151887074112892 0.9969293475151062 0.06639295071363449 -0.07513999193906784 -0.10249064862728119 -0.07034926861524582 0.9922432899475098 -0.04441361129283905
1305031456.191658 0.9916642904281616 0.033651553094387054 0.12437611073255539 -0.1549214869737625 -0.04120403900742531 0.9974274635314941 0.05865754559636116 -0.0844927430152893 -0.12208221852779388 -0.06329339742660522 0.99049973487854 -0.04014984890818596
1305031456.227678 0.988783597946167 0.029787499457597733 0.14635467529296875 -0.1652463674545288 -0.03697792440652847 0.9982262849807739 0.0466572567820549 -0.07848992198705673 -0.14470528066158295 -0.051545824855566025 0.9881312847137451 -0.04203203693032265
1305031456.259614 0.9864946007728577 0.014160195365548134 0.16318023204803467 -0.1685112714767456 -0.024436496198177338 0.9978299140930176 0.0611410066485405 -0.09908485412597656 -0.16196034848690033 -0.06430283933877945 0.9846999645233154 -0.044928062707185745
1305031456.291675 0.9809575080871582 0.012389726005494595 0.1938267946243286 -0.1854579597711563 -0.02318510413169861 0.9982972145080566 0.05352701619267464 -0.10271066427230835 -0.1928335428237915 -0.057001642882823944 0.9795743227005005 -0.03207757696509361
1305031456.327718 0.9766592979431152 4.133362017455511e-05 0.2147943526506424 -0.19238215684890747 -0.010131649672985077 0.9988958835601807 0.04587588459253311 -0.10944762080907822 -0.2145552784204483 -0.046981330960989 0.975581169128418 -0.0256209559738636
1305031456.359846 0.9707791805267334 -0.008259091526269913 0.23983225226402283 -0.20199236273765564 0.0009212074219249189 0.9995284080505371 0.030691880732774734 -0.10119878500699997 -0.23997263610363007 -0.02957409992814064 0.9703290462493896 -0.021834980696439743
1305031456.391619 0.9636057019233704 -0.01841839589178562 0.26669254899024963 -0.21153467893600464 0.007216235622763634 0.9990523457527161 0.042923346161842346 -0.12293265759944916 -0.26723042130470276 -0.03943667188286781 0.9628252983093262 -0.008540911599993706
1305031456.427662 0.9557719230651855 -0.026521913707256317 0.2929106652736664 -0.2259848564863205 0.020553220063447952 0.9995140433311462 0.02343662455677986 -0.11654537916183472 -0.2933899462223053 -0.016379812732338905 0.9558524489402771 0.0007393401465378702
1305031456.45961 0.9491505026817322 -0.03800993785262108 0.3125198483467102 -0.24781471490859985 0.03469457849860191 0.9992672801017761 0.016164453700184822 -0.10604029148817062 -0.31290531158447266 -0.004499755799770355 0.9497736096382141 0.01071093138307333
1305031456.491677 0.9474921226501465 -0.0522514246404171 0.31548142433166504 -0.2600202262401581 0.04684799909591675 0.9985967874526978 0.024692416191101074 -0.1032429113984108 -0.3163289725780487 -0.008616193197667599 0.9486103653907776 0.029484983533620834
1305031456.527641 0.9474503397941589 -0.06673827022314072 0.31286388635635376 -0.2687576413154602 0.05850796401500702 0.9976509213447571 0.0356324203312397 -0.10573657602071762 -0.31450700759887695 -0.015454916283488274 0.9491292834281921 0.043426159769296646
1305031456.559608 0.9472516179084778 -0.07843039184808731 0.31074589490890503 -0.27155137062072754 0.06596938520669937 0.9965465664863586 0.05042688548564911 -0.12211978435516357 -0.31362783908843994 -0.027267226949334145 0.9491543769836426 0.05168229341506958
1305031456.591651 0.9439684152603149 -0.08961891382932663 0.3176352381706238 -0.27812984585762024 0.08186810463666916 0.9959300756454468 0.037695057690143585 -0.10455457866191864 -0.31972071528434753 -0.009578743018209934 0.9474634528160095 0.05960246920585632
1305031456.627612 0.9381533861160278 -0.10729976743459702 0.32917308807373047 -0.2908423840999603 0.0932948961853981 0.9939419031143188 0.05809959024190903 -0.09513849020004272 -0.3334130346775055 -0.023796159774065018 0.9424804449081421 0.07091701775789261
1305031456.659665 0.9321758151054382 -0.1322716474533081 0.3369756042957306 -0.2961823344230652 0.10561823844909668 0.989730715751648 0.0963231697678566 -0.11853354424238205 -0.34625595808029175 -0.05419934168457985 0.9365730881690979 0.09733863174915314
1305031456.691612 0.9254762530326843 -0.1503688395023346 0.3476822078227997 -0.30784106254577637 0.12592291831970215 0.9877640604972839 0.0920100212097168 -0.1187690794467926 -0.3572634160518646 -0.041371915489435196 0.9330869317054749 0.11170075833797455
1305031456.727693 0.9211716651916504 -0.1697847545146942 0.3501655161380768 -0.32116666436195374 0.1441543847322464 0.9846692085266113 0.09821317344903946 -0.11102066934108734 -0.36147230863571167 -0.0399932824075222 0.9315246939659119 0.1211012601852417
1305031456.759615 0.91887366771698 -0.1882898509502411 0.3467252254486084 -0.3337874114513397 0.15540346503257751 0.9804617762565613 0.12059944123029709 -0.1308850795030594 -0.3626585602760315 -0.05693332478404045 0.9301813840866089 0.13720133900642395
1305031456.791649 0.9204294085502625 -0.19725710153579712 0.33748987317085266 -0.342948317527771 0.17181025445461273 0.9796251058578491 0.10399962216615677 -0.12701798975467682 -0.3511282205581665 -0.0377400778234005 0.9355665445327759 0.15309463441371918
1305031456.827603 0.9204701781272888 -0.21147198975086212 0.3286551237106323 -0.3469914495944977 0.1906406432390213 0.9770751595497131 0.09476496279239655 -0.10962653905153275 -0.3411608636379242 -0.024573294445872307 0.9396836757659912 0.1626911759376526
1305031456.859634 0.9180453419685364 -0.2297677844762802 0.32310935854911804 -0.3483965992927551 0.2028387486934662 0.9724148511886597 0.11517602950334549 -0.11821065098047256 -0.3406601548194885 -0.040197692811489105 0.9393267035484314 0.1758383810520172
1305031456.891672 0.9140979647636414 -0.23995305597782135 0.32687532901763916 -0.35125747323036194 0.21109937131404877 0.9698679447174072 0.12162820249795914 -0.12332932651042938 -0.3462109863758087 -0.04217689856886864 0.9372081160545349 0.1907471865415573
1305031456.92769 0.9077970385551453 -0.24788428843021393 0.3383162021636963 -0.3580779731273651 0.22214552760124207 0.9683894515037537 0.11346035450696945 -0.12091848999261856 -0.3557468056678772 -0.027843551710247993 0.9341675639152527 0.19862017035484314
1305031456.959667 0.9005689024925232 -0.2584041655063629 0.34957531094551086 -0.3690358102321625 0.2352973073720932 0.9659225940704346 0.10783662647008896 -0.10449431091547012 -0.3655281364917755 -0.014860178343951702 0.9306817054748535 0.20827847719192505
1305031456.991709 0.8946362733840942 -0.267495334148407 0.3578718900680542 -0.37912821769714355 0.23557238280773163 0.963000476360321 0.1309032142162323 -0.1127469465136528 -0.37964680790901184 -0.03280603513121605 0.9245496988296509 0.22231866419315338
1305031457.027648 0.8886916637420654 -0.27471673488616943 0.36709359288215637 -0.38985851407051086 0.24079933762550354 0.9609708786010742 0.13620081543922424 -0.11487611383199692 -0.39018288254737854 -0.03264463692903519 0.9201585650444031 0.23186460137367249
1305031457.059621 0.8821462392807007 -0.2890770137310028 0.37182319164276123 -0.39857128262519836 0.25399675965309143 0.9568294882774353 0.14129064977169037 -0.10784552246332169 -0.39661523699760437 -0.0301971472799778 0.9174882173538208 0.23569704592227936
1305031457.091655 0.8741992115974426 -0.30359694361686707 0.37895187735557556 -0.408993661403656 0.25911450386047363 0.9516993761062622 0.1647052764892578 -0.11497453600168228 -0.4106523096561432 -0.0457933135330677 0.9106414318084717 0.24547746777534485
1305031457.127632 0.8676331639289856 -0.31528735160827637 0.3844562768936157 -0.41399896144866943 0.2652016580104828 0.9475176930427551 0.1785447895526886 -0.12581270933151245 -0.42057204246520996 -0.05295295640826225 0.9057125449180603 0.24884429574012756
1305031457.159693 0.8562300801277161 -0.32720446586608887 0.3997587561607361 -0.42731764912605286 0.27734971046447754 0.9440162181854248 0.17863550782203674 -0.12841105461120605 -0.4358290433883667 -0.042080145329236984 0.8990452289581299 0.2515951097011566
1305031457.191735 0.8450962901115417 -0.3357679545879364 0.4160190522670746 -0.44355764985084534 0.286946177482605 0.9414616823196411 0.17695198953151703 -0.1262844353914261 -0.4510807693004608 -0.030166396871209145 0.8919731974601746 0.2531835734844208
1305031457.227543 0.8342023491859436 -0.35018232464790344 0.42600300908088684 -0.4564835727214813 0.29570600390434265 0.936103880405426 0.19044072926044464 -0.13347558677196503 -0.465472012758255 -0.03289446979761124 0.884451150894165 0.25581827759742737
1305031457.259691 0.825513482093811 -0.3635879158973694 0.43166103959083557 -0.4624902606010437 0.30514776706695557 0.9309446215629578 0.2005663365125656 -0.15229733288288116 -0.474776029586792 -0.03384983167052269 0.8794555068016052 0.2549014091491699
1305031457.291656 0.8126266002655029 -0.3661407232284546 0.45340821146965027 -0.48003655672073364 0.3155318796634674 0.9305250644683838 0.1859108805656433 -0.15078654885292053 -0.48997724056243896 -0.008011394180357456 0.8716984987258911 0.2530825436115265
1305031457.327548 0.797732412815094 -0.3733804225921631 0.47350820899009705 -0.49746429920196533 0.32458415627479553 0.927656352519989 0.18465881049633026 -0.15097695589065552 -0.5082008242607117 0.00638491939753294 0.8612149953842163 0.2507307529449463
1305031457.359712 0.7827090620994568 -0.38325634598731995 0.4903886914253235 -0.5098412036895752 0.3313294053077698 0.9235711693763733 0.19296930730342865 -0.15905316174030304 -0.5268656015396118 0.011441361159086227 0.8498715162277222 0.25102144479751587
1305031457.391684 0.7639417052268982 -0.3910278081893921 0.5133129358291626 -0.5274092555046082 0.3430298864841461 0.9198642373085022 0.19021080434322357 -0.167387455701828 -0.5465559959411621 0.030771739780902863 0.8368569016456604 0.2502095103263855
1305031457.427641 0.7458710670471191 -0.39828187227249146 0.5338987112045288 -0.5517362952232361 0.3529431223869324 0.9160845279693604 0.19031654298305511 -0.17250892519950867 -0.5648959875106812 0.046484265476465225 0.8238517642021179 0.2533264458179474
1305031457.459614 0.7369169592857361 -0.40752431750297546 0.5393304824829102 -0.5682751536369324 0.3622419834136963 0.9116864204406738 0.19392962753772736 -0.18220606446266174 -0.5707312822341919 0.05245811492204666 0.8194594979286194 0.2513250410556793
1305031457.491705 0.731620728969574 -0.4134850800037384 0.5419973731040955 -0.580828845500946 0.3682684004306793 0.9087833762168884 0.19619187712669373 -0.19408036768436432 -0.5736806988716125 0.056062474846839905 0.8171581625938416 0.2495049685239792
1305031457.527638 0.7264683246612549 -0.4169095456600189 0.5462875366210938 -0.5927979350090027 0.37334877252578735 0.9068397879600525 0.19558215141296387 -0.20766520500183105 -0.576935350894928 0.06187152490019798 0.8144431114196777 0.2415580004453659
1305031457.559685 0.7191264629364014 -0.417944073677063 0.5551395416259766 -0.6046252846717834 0.3812604248523712 0.9052270650863647 0.18762826919555664 -0.2090805619955063 -0.5809454321861267 0.07672431319952011 0.8103182911872864 0.23871839046478271
1305031457.591678 0.7091995477676392 -0.4192686676979065 0.5667890906333923 -0.6238803863525391 0.3869349956512451 0.9035211801528931 0.1842026710510254 -0.2141127735376358 -0.5893363952636719 0.08867408335208893 0.8030065298080444 0.23950554430484772
1305031457.627526 0.7038046717643738 -0.4263559877872467 0.5682249665260315 -0.6345916986465454 0.3915141224861145 0.9002288579940796 0.19053809344768524 -0.22969788312911987 -0.5927695035934448 0.08836651593446732 0.8005096316337585 0.23902612924575806
1305031457.659632 0.696441650390625 -0.4237850308418274 0.5791160464286804 -0.6567226648330688 0.39776715636253357 0.8996566534042358 0.1799975037574768 -0.22699356079101562 -0.597285807132721 0.10499557852745056 0.7951260805130005 0.24014350771903992
1305031457.69157 0.692889928817749 -0.43483057618141174 0.575174868106842 -0.6677443385124207 0.4022575616836548 0.8951379060745239 0.19213832914829254 -0.23699285089969635 -0.5984083414077759 0.09823770821094513 0.7951457500457764 0.24054698646068573
1305031457.727669 0.6931436657905579 -0.4392598271369934 0.5714916586875916 -0.6737779974937439 0.3992295265197754 0.8940941691398621 0.2030060589313507 -0.2591610848903656 -0.6001397371292114 0.087444007396698 0.7951011657714844 0.23847337067127228
1305031457.759556 0.6911407113075256 -0.43619677424430847 0.5762438178062439 -0.682974636554718 0.3964715003967285 0.8954756855964661 0.2023206353187561 -0.27390235662460327 -0.6042639017105103 0.08863221853971481 0.7918392419815063 0.23883573710918427
1305031457.791567 0.6863421201705933 -0.4288230538368225 0.5874054431915283 -0.6899615526199341 0.3938658535480499 0.8981439471244812 0.19546647369861603 -0.2924041450023651 -0.6113951206207275 0.09720208495855331 0.7853328585624695 0.23751412332057953
1305031457.827699 0.6737789511680603 -0.4156392514705658 0.6109549403190613 -0.7109278440475464 0.39564502239227295 0.9012279510498047 0.17678619921207428 -0.2909810543060303 -0.6240889430046082 0.12260645627975464 0.7716739177703857 0.2373824566602707
1305031457.859623 0.6651933789253235 -0.4151550829410553 0.6206159591674805 -0.7197390794754028 0.3943636417388916 0.901130735874176 0.18011289834976196 -0.30602210760116577 -0.6340307593345642 0.12493845820426941 0.763148307800293 0.2342539131641388
1305031457.891593 0.6505352258682251 -0.40860065817832947 0.6401947736740112 -0.7299221754074097 0.3921584188938141 0.9025940895080566 0.17758291959762573 -0.32845452427864075 -0.6503965258598328 0.13553382456302643 0.747405469417572 0.2476578950881958
1305031457.927633 0.6391280889511108 -0.3982309103012085 0.6579722166061401 -0.749043345451355 0.40385696291923523 0.9018449783325195 0.15354183316230774 -0.33250904083251953 -0.654534101486206 0.16759377717971802 0.7372227907180786 0.25140658020973206
1305031457.959632 0.631060004234314 -0.3961074948310852 0.6669798493385315 -0.7657214999198914 0.4117172956466675 0.8997354507446289 0.1447926014661789 -0.34102314710617065 -0.6574589014053345 0.18323427438735962 0.7308713793754578 0.2588239908218384
1305031457.991644 0.6328101754188538 -0.3937724828720093 0.6667041182518005 -0.7656649351119995 0.4128936529159546 0.9000070691108704 0.1396642029285431 -0.3560391664505005 -0.6550343632698059 0.18689700961112976 0.7321198582649231 0.2626473605632782
1305031458.027845 0.6268483400344849 -0.386022686958313 0.6767921447753906 -0.7713944315910339 0.4153973460197449 0.9004669785499573 0.12885715067386627 -0.3706308901309967 -0.6591708064079285 0.20036378502845764 0.7248090505599976 0.26840800046920776
1305031458.059689 0.6168901920318604 -0.3750424385070801 0.6919463276863098 -0.7888040542602539 0.4240049719810486 0.8990428447723389 0.10927826911211014 -0.3633979558944702 -0.6630733609199524 0.22597602009773254 0.7136305570602417 0.27379676699638367
1305031458.09169 0.6086588501930237 -0.37558332085609436 0.6989074945449829 -0.798646092414856 0.42471936345100403 0.8982654213905334 0.112839475274086 -0.36749228835105896 -0.6701849699020386 0.22815875709056854 0.7062546610832214 0.2868984043598175
1305031458.127605 0.6023216247558594 -0.37993746995925903 0.7020372748374939 -0.802732527256012 0.4231986701488495 0.897685706615448 0.12273245304822922 -0.3830627501010895 -0.6768394708633423 0.22317680716514587 0.7014845609664917 0.3001437187194824
1305031458.159638 0.5922320485115051 -0.3791441023349762 0.7109929323196411 -0.8151713609695435 0.42503321170806885 0.8966304063796997 0.1240994781255722 -0.39607763290405273 -0.6845494508743286 0.2286999523639679 0.6921621561050415 0.32131481170654297
1305031458.191646 0.5908344984054565 -0.38452091813087463 0.7092660665512085 -0.823829710483551 0.43282705545425415 0.8929693102836609 0.12355895340442657 -0.3972199559211731 -0.6808636784553528 0.23398667573928833 0.6940280199050903 0.3331262469291687
1305031458.227611 0.5900009274482727 -0.39751967787742615 0.7027639150619507 -0.8304324150085449 0.43163126707077026 0.8908746838569641 0.14155152440071106 -0.4124184548854828 -0.6823439598083496 0.21981938183307648 0.6971988081932068 0.353135883808136
1305031458.259934 0.5911930799484253 -0.3990846276283264 0.7008724808692932 -0.8271359801292419 0.42193350195884705 0.8936339616775513 0.15293988585472107 -0.44168463349342346 -0.6873593926429749 0.2053045928478241 0.6966973543167114 0.38209787011146545
1305031458.291664 0.5952656269073486 -0.38879716396331787 0.7032038569450378 -0.8426528573036194 0.426900178194046 0.8944413065910339 0.13315802812576294 -0.4491099715232849 -0.6807460188865662 0.22093351185321808 0.6984076499938965 0.39396992325782776
1305031458.327628 0.5980614423751831 -0.39517244696617126 0.6972527503967285 -0.8449330925941467 0.435722291469574 0.8905027508735657 0.13096179068088531 -0.4611837565898895 -0.6726579070091248 0.22548530995845795 0.704760730266571 0.4134324789047241
1305031458.35959 0.6006099581718445 -0.38698145747184753 0.6996520161628723 -0.8451569080352783 0.4409564435482025 0.8902744650840759 0.11388061940670013 -0.4718685448169708 -0.6669520735740662 0.24011828005313873 0.7053496241569519 0.42882710695266724
1305031458.391626 0.6039199233055115 -0.3727833926677704 0.7044950723648071 -0.8497440218925476 0.4518917500972748 0.888237476348877 0.0826319232583046 -0.46363404393196106 -0.6565627455711365 0.2684524357318878 0.7048819661140442 0.4427381455898285
1305031458.427598 0.5973170399665833 -0.37671947479248047 0.7080217003822327 -0.8458481431007385 0.4718795418739319 0.878915548324585 0.06954994052648544 -0.4665130078792572 -0.6484920978546143 0.29255759716033936 0.7027574181556702 0.4556836783885956
1305031458.459637 0.5871378183364868 -0.3742913603782654 0.717756986618042 -0.8383168578147888 0.48255491256713867 0.8737461566925049 0.06089712679386139 -0.4808231592178345 -0.6499306559562683 0.31060221791267395 0.6936255097389221 0.46847450733184814
1305031458.491696 0.5762949585914612 -0.3523991107940674 0.7373594641685486 -0.8255043029785156 0.48236551880836487 0.8750015497207642 0.041180647909641266 -0.4993957281112671 -0.6597025990486145 0.3319445848464966 0.6742442846298218 0.47888636589050293
1305031458.527737 0.5631243586540222 -0.31247618794441223 0.7650160789489746 -0.8347352743148804 0.4883776009082794 0.8726269602775574 -0.003061628667637706 -0.4689680337905884 -0.6666170358657837 0.3753408193588257 0.6440039277076721 0.5024474859237671
1305031458.559628 0.550493061542511 -0.2954710125923157 0.7808036208152771 -0.8316587805747986 0.4831520617008209 0.8754866123199463 -0.00933765061199665 -0.46775397658348083 -0.6808241009712219 0.3823871612548828 0.6247068047523499 0.5264997482299805
1305031458.591641 0.5509982705116272 -0.2679234743118286 0.7903277277946472 -0.8259773254394531 0.4743361175060272 0.8797451853752136 -0.032459888607263565 -0.4582865834236145 -0.6865901947021484 0.3927663266658783 0.6118239164352417 0.5455920696258545
1305031458.627659 0.5446413159370422 -0.2500944137573242 0.8005114793777466 -0.834256649017334 0.4725963771343231 0.8800463080406189 -0.04659626632928848 -0.434398889541626 -0.6928337216377258 0.40369707345962524 0.5975032448768616 0.581916093826294
1305031458.659623 0.5430198311805725 -0.26394549012184143 0.7971588969230652 -0.8339899778366089 0.471260130405426 0.8815125823020935 -0.029143890365958214 -0.4502706229686737 -0.6950132250785828 0.39149489998817444 0.6030657887458801 0.6141566634178162
1305031458.691674 0.579514741897583 -0.26329436898231506 0.7712579965591431 -0.8227726221084595 0.45155876874923706 0.8915572166442871 -0.034933798015117645 -0.44426193833351135 -0.6784228086471558 0.368512898683548 0.6355634331703186 0.6318132877349854
1305031458.72765 0.5975459814071655 -0.2536284029483795 0.7606651782989502 -0.8213459253311157 0.43429988622665405 0.8998284935951233 -0.041137780994176865 -0.45154473185539246 -0.6740344762802124 0.35493844747543335 0.6478396654129028 0.6564313173294067
1305031458.759945 0.626900851726532 -0.22757604718208313 0.7451204657554626 -0.8182917833328247 0.41441139578819275 0.9072719216346741 -0.07156094908714294 -0.44025421142578125 -0.659741222858429 0.35364803671836853 0.663079559803009 0.6737143397331238
1305031458.791632 0.6607645153999329 -0.22281451523303986 0.7167593240737915 -0.8099378943443298 0.4002778232097626 0.9124085307121277 -0.08537247031927109 -0.42697080969810486 -0.634955108165741 0.34331396222114563 0.6920748353004456 0.6715006232261658
1305031458.827564 0.676034688949585 -0.23074263334274292 0.6998106241226196 -0.7955012321472168 0.3943776488304138 0.9155372977256775 -0.0791064202785492 -0.42730969190597534 -0.6224494576454163 0.32946836948394775 0.709934651851654 0.6814602613449097
1305031458.859887 0.6879178285598755 -0.24123165011405945 0.6845265030860901 -0.7759861350059509 0.39751675724983215 0.9143359065055847 -0.07726810872554779 -0.44079506397247314 -0.607247531414032 0.3252648115158081 0.7248814702033997 0.6770161390304565
1305031458.891665 0.6904308795928955 -0.21539704501628876 0.6905862092971802 -0.777683675289154 0.38455238938331604 0.9178673028945923 -0.09817879647016525 -0.4286729693412781 -0.6127191185951233 0.333352267742157 0.7165553569793701 0.6855307221412659
1305031458.927621 0.6772741079330444 -0.22833460569381714 0.6994019746780396 -0.7791129946708679 0.39989912509918213 0.9121844172477722 -0.08944497257471085 -0.42711248993873596 -0.6175603270530701 0.34026896953582764 0.7091096043586731 0.6942132115364075
1305031458.959617 0.6571617126464844 -0.25467947125434875 0.7094201445579529 -0.7849114537239075 0.4181627333164215 0.9062526822090149 -0.06201764941215515 -0.43984419107437134 -0.627119243144989 0.33740875124931335 0.7020518183708191 0.7050430178642273
1305031458.991647 0.6493314504623413 -0.25728026032447815 0.7156644463539124 -0.7795238494873047 0.419491708278656 0.9060994386672974 -0.05486881360411644 -0.4638541042804718 -0.6343464851379395 0.3358432948589325 0.6962857246398926 0.7199729681015015
1305031459.027665 0.6465284824371338 -0.24206790328025818 0.7234667539596558 -0.7981826663017273 0.4191465675830841 0.9050800800323486 -0.07173699885606766 -0.4793115258216858 -0.6374300718307495 0.3496186137199402 0.6866219639778137 0.7401326298713684
1305031459.059631 0.6476112604141235 -0.24861076474189758 0.720272421836853 -0.8096030354499817 0.4421974718570709 0.8924357295036316 -0.08955352008342743 -0.4923376142978668 -0.6205329895019531 0.3764985501766205 0.6878864169120789 0.7567259073257446
1305031459.09165 0.6560028791427612 -0.2489243745803833 0.7125285267829895 -0.8246523141860962 0.45529529452323914 0.8834518790245056 -0.11053916811943054 -0.5085848569869995 -0.6019688248634338 0.3969248831272125 0.6928810477256775 0.7814035415649414
1305031459.127618 0.6883759498596191 -0.24152225255966187 0.6839631199836731 -0.8205713033676147 0.4614376127719879 0.8733465075492859 -0.1560172140598297 -0.5055770874023438 -0.5596551299095154 0.4230048656463623 0.7126381397247314 0.8018940687179565
1305031459.159639 0.717070460319519 -0.24720393121242523 0.6516902446746826 -0.8412584066390991 0.4653753340244293 0.8658576011657715 -0.18362022936344147 -0.5225056409835815 -0.5188792943954468 0.43494918942451477 0.7359235286712646 0.8089619874954224
1305031459.191674 0.737022340297699 -0.2601035535335541 0.6238142251968384 -0.8365495204925537 0.47596797347068787 0.8550365567207336 -0.2058320939540863 -0.5280761122703552 -0.479846328496933 0.44861841201782227 0.7539820671081543 0.8210618495941162
1305031459.227607 0.746656596660614 -0.2884947657585144 0.5993952751159668 -0.8320755362510681 0.4974822700023651 0.8403475880622864 -0.21523787081241608 -0.531190812587738 -0.4416053891181946 0.45889735221862793 0.7709720730781555 0.8175920248031616
1305031459.25976 0.741464376449585 -0.2985318601131439 0.6009235978126526 -0.8406798243522644 0.5117343664169312 0.8308529257774353 -0.21865792572498322 -0.5230070948600769 -0.4340028762817383 0.4696403741836548 0.7688168883323669 0.8320381045341492
1305031459.29169 0.7160589694976807 -0.3177381753921509 0.6215319633483887 -0.8442668914794922 0.5363560914993286 0.8202980160713196 -0.19857804477214813 -0.5270196199417114 -0.44674569368362427 0.47555607557296753 0.7578026056289673 0.8418172597885132
1305031459.327632 0.679662823677063 -0.3386896252632141 0.6506518721580505 -0.8379895687103271 0.5722773671150208 0.7997209429740906 -0.18150800466537476 -0.5219821333885193 -0.45886507630348206 0.4957176148891449 0.7373649477958679 0.8571708798408508
1305031459.359651 0.6348509192466736 -0.3557930588722229 0.6858392953872681 -0.843713104724884 0.6121808886528015 0.773190975189209 -0.16556012630462646 -0.5162655115127563 -0.4713795781135559 0.5249636769294739 0.7086707949638367 0.8625569939613342
1305031459.391667 0.564815104007721 -0.39260387420654297 0.7258415222167969 -0.854965090751648 0.667855441570282 0.7341224551200867 -0.12261015921831131 -0.5112376809120178 -0.4847194254398346 0.5540093779563904 0.6768460869789124 0.874472975730896
1305031459.427646 0.46089428663253784 -0.4484730362892151 0.7657991051673889 -0.8546876311302185 0.7303889393806458 0.6818428635597229 -0.04027684032917023 -0.5210939645767212 -0.5040916800498962 0.5778945684432983 0.6418172717094421 0.887798011302948
1305031459.459679 0.3774115741252899 -0.44061315059661865 0.8145061731338501 -0.8709637522697449 0.7592149972915649 0.6508398056030273 0.00028481712797656655 -0.5108307600021362 -0.5302386283874512 0.6182779669761658 0.580154538154602 0.9170777201652527
1305031459.491555 0.30148860812187195 -0.456528902053833 0.8370696902275085 -0.897296130657196 0.7898814678192139 0.6113061904907227 0.0489070862531662 -0.5101982355117798 -0.534033477306366 0.6464409828186035 0.5449056029319763 0.9350151419639587
1305031459.527594 0.241848886013031 -0.4757399260997772 0.8456833958625793 -0.902299702167511 0.8160704970359802 0.5712196826934814 0.08795984089374542 -0.4906088709831238 -0.5249170064926147 0.6688644289970398 0.5263861417770386 0.9445717334747314
1305031459.559647 0.1830988973379135 -0.49716439843177795 0.8481168150901794 -0.9141971468925476 0.83852219581604 0.5293142795562744 0.12925545871257782 -0.5006421208381653 -0.5131815671920776 0.6874983906745911 0.5138002038002014 0.9485536813735962
1305031459.591695 0.1199176013469696 -0.5048425197601318 0.854841411113739 -0.9365788102149963 0.8492441177368164 0.4981377422809601 0.17505213618278503 -0.534368634223938 -0.5142025947570801 0.7049771547317505 0.48847001791000366 0.9808462262153625
1305031459.627608 0.12386681884527206 -0.5134518146514893 0.8491314649581909 -0.9316299557685852 0.8596585988998413 0.4829343557357788 0.166617751121521 -0.5175148844718933 -0.49562498927116394 0.7093247771263123 0.5012128353118896 0.9805302023887634
1305031459.627608 0.12386681884527206 -0.5134518146514893 0.8491314649581909 -0.9316299557685852 0.8596585988998413 0.4829343557357788 0.166617751121521 -0.5175148844718933 -0.49562498927116394 0.7093247771263123 0.5012128353118896 0.9805302023887634
1305031459.627608 0.12386681884527206 -0.5134518146514893 0.8491314649581909 -0.9316299557685852 0.8596585988998413 0.4829343557357788 0.166617751121521 -0.5175148844718933 -0.49562498927116394 0.7093247771263123 0.5012128353118896 0.9805302023887634
1305031459.627608 0.12386681884527206 -0.5134518146514893 0.8491314649581909 -0.9316299557685852 0.8596585988998413 0.4829343557357788 0.166617751121521 -0.5175148844718933 -0.49562498927116394 0.7093247771263123 0.5012128353118896 0.9805302023887634
1305031459.627608 0.12386681884527206 -0.5134518146514893 0.8491314649581909 -0.9316299557685852 0.8596585988998413 0.4829343557357788 0.166617751121521 -0.5175148844718933 -0.49562498927116394 0.7093247771263123 0.5012128353118896 0.9805302023887634
1305031459.627608 0.12386681884527206 -0.5134518146514893 0.8491314649581909 -0.9316299557685852 0.8596585988998413 0.4829343557357788 0.166617751121521 -0.5175148844718933 -0.49562498927116394 0.7093247771263123 0.5012128353118896 0.9805302023887634
1305031459.627608 0.12386681884527206 -0.5134518146514893 0.8491314649581909 -0.9316299557685852 0.8596585988998413 0.4829343557357788 0.166617751121521 -0.5175148844718933 -0.49562498927116394 0.7093247771263123 0.5012128353118896 0.9805302023887634
1305031459.627608 0.12386681884527206 -0.5134518146514893 0.8491314649581909 -0.9316299557685852 0.8596585988998413 0.4829343557357788 0.166617751121521 -0.5175148844718933 -0.49562498927116394 0.7093247771263123 0.5012128353118896 0.9805302023887634
1305031459.627608 0.12386681884527206 -0.5134518146514893 0.8491314649581909 -0.9316299557685852 0.8596585988998413 0.4829343557357788 0.166617751121521 -0.5175148844718933 -0.49562498927116394 0.7093247771263123 0.5012128353118896 0.9805302023887634
1305031459.627608 0.12386681884527206 -0.5134518146514893 0.8491314649581909 -0.9316299557685852 0.8596585988998413 0.4829343557357788 0.166617751121521 -0.5175148844718933 -0.49562498927116394 0.7093247771263123 0.5012128353118896 0.9805302023887634
1305031459.627608 0.12386681884527206 -0.5134518146514893 0.8491314649581909 -0.9316299557685852 0.8596585988998413 0.4829343557357788 0.166617751121521 -0.5175148844718933 -0.49562498927116394 0.7093247771263123 0.5012128353118896 0.9805302023887634
1305031459.627608 0.12386681884527206 -0.5134518146514893 0.8491314649581909 -0.9316299557685852 0.8596585988998413 0.4829343557357788 0.166617751121521 -0.5175148844718933 -0.49562498927116394 0.7093247771263123 0.5012128353118896 0.9805302023887634
1305031459.627608 0.12386681884527206 -0.5134518146514893 0.8491314649581909 -0.9316299557685852 0.8596585988998413 0.4829343557357788 0.166617751121521 -0.5175148844718933 -0.49562498927116394 0.7093247771263123 0.5012128353118896 0.9805302023887634
1305031459.627608 0.12386681884527206 -0.5134518146514893 0.8491314649581909 -0.9316299557685852 0.8596585988998413 0.4829343557357788 0.166617751121521 -0.5175148844718933 -0.49562498927116394 0.7093247771263123 0.5012128353118896 0.9805302023887634
1305031459.627608 0.12386681884527206 -0.5134518146514893 0.8491314649581909 -0.9316299557685852 0.8596585988998413 0.4829343557357788 0.166617751121521 -0.5175148844718933 -0.49562498927116394 0.7093247771263123 0.5012128353118896 0.9805302023887634
1305031459.627608 0.12386681884527206 -0.5134518146514893 0.8491314649581909 -0.9316299557685852 0.8596585988998413 0.4829343557357788 0.166617751121521 -0.5175148844718933 -0.49562498927116394 0.7093247771263123 0.5012128353118896 0.9805302023887634
1305031459.627608 0.12386681884527206 -0.5134518146514893 0.8491314649581909 -0.9316299557685852 0.8596585988998413 0.4829343557357788 0.166617751121521 -0.5175148844718933 -0.49562498927116394 0.7093247771263123 0.5012128353118896 0.9805302023887634
1305031459.627608 0.12386681884527206 -0.5134518146514893 0.8491314649581909 -0.9316299557685852 0.8596585988998413 0.4829343557357788 0.166617751121521 -0.5175148844718933 -0.49562498927116394 0.7093247771263123 0.5012128353118896 0.9805302023887634
1305031459.627608 0.12386681884527206 -0.5134518146514893 0.8491314649581909 -0.9316299557685852 0.8596585988998413 0.4829343557357788 0.166617751121521 -0.5175148844718933 -0.49562498927116394 0.7093247771263123 0.5012128353118896 0.9805302023887634
1305031459.627608 0.12386681884527206 -0.5134518146514893 0.8491314649581909 -0.9316299557685852 0.8596585988998413 0.4829343557357788 0.166617751121521 -0.5175148844718933 -0.49562498927116394 0.7093247771263123 0.5012128353118896 0.9805302023887634
1305031459.627608 0.12386681884527206 -0.5134518146514893 0.8491314649581909 -0.9316299557685852 0.8596585988998413 0.4829343557357788 0.166617751121521 -0.5175148844718933 -0.49562498927116394 0.7093247771263123 0.5012128353118896 0.9805302023887634
1305031459.627608 0.12386681884527206 -0.5134518146514893 0.8491314649581909 -0.9316299557685852 0.8596585988998413 0.4829343557357788 0.166617751121521 -0.5175148844718933 -0.49562498927116394 0.7093247771263123 0.5012128353118896 0.9805302023887634
1305031459.627608 0.12386681884527206 -0.5134518146514893 0.8491314649581909 -0.9316299557685852 0.8596585988998413 0.4829343557357788 0.166617751121521 -0.5175148844718933 -0.49562498927116394 0.7093247771263123 0.5012128353118896 0.9805302023887634
1305031459.627608 0.12386681884527206 -0.5134518146514893 0.8491314649581909 -0.9316299557685852 0.8596585988998413 0.4829343557357788 0.166617751121521 -0.5175148844718933 -0.49562498927116394 0.7093247771263123 0.5012128353118896 0.9805302023887634
1305031459.627608 0.12386681884527206 -0.5134518146514893 0.8491314649581909 -0.9316299557685852 0.8596585988998413 0.4829343557357788 0.166617751121521 -0.5175148844718933 -0.49562498927116394 0.7093247771263123 0.5012128353118896 0.9805302023887634
1305031459.627608 0.12386681884527206 -0.5134518146514893 0.8491314649581909 -0.9316299557685852 0.8596585988998413 0.4829343557357788 0.166617751121521 -0.5175148844718933 -0.49562498927116394 0.7093247771263123 0.5012128353118896 0.9805302023887634
1305031459.627608 0.12386681884527206 -0.5134518146514893 0.8491314649581909 -0.9316299557685852 0.8596585988998413 0.4829343557357788 0.166617751121521 -0.5175148844718933 -0.49562498927116394 0.7093247771263123 0.5012128353118896 0.9805302023887634
1305031459.627608 0.12386681884527206 -0.5134518146514893 0.8491314649581909 -0.9316299557685852 0.8596585988998413 0.4829343557357788 0.166617751121521 -0.5175148844718933 -0.49562498927116394 0.7093247771263123 0.5012128353118896 0.9805302023887634
1305031459.627608 0.12386681884527206 -0.5134518146514893 0.8491314649581909 -0.9316299557685852 0.8596585988998413 0.4829343557357788 0.166617751121521 -0.5175148844718933 -0.49562498927116394 0.7093247771263123 0.5012128353118896 0.9805302023887634
1305031459.627608 0.12386681884527206 -0.5134518146514893 0.8491314649581909 -0.9316299557685852 0.8596585988998413 0.4829343557357788 0.166617751121521 -0.5175148844718933 -0.49562498927116394 0.7093247771263123 0.5012128353118896 0.9805302023887634
1305031459.627608 0.12386681884527206 -0.5134518146514893 0.8491314649581909 -0.9316299557685852 0.8596585988998413 0.4829343557357788 0.166617751121521 -0.5175148844718933 -0.49562498927116394 0.7093247771263123 0.5012128353118896 0.9805302023887634
1305031459.627608 0.12386681884527206 -0.5134518146514893 0.8491314649581909 -0.9316299557685852 0.8596585988998413 0.4829343557357788 0.166617751121521 -0.5175148844718933 -0.49562498927116394 0.7093247771263123 0.5012128353118896 0.9805302023887634
1305031459.627608 0.12386681884527206 -0.5134518146514893 0.8491314649581909 -0.9316299557685852 0.8596585988998413 0.4829343557357788 0.166617751121521 -0.5175148844718933 -0.49562498927116394 0.7093247771263123 0.5012128353118896 0.9805302023887634
1305031459.627608 0.12386681884527206 -0.5134518146514893 0.8491314649581909 -0.9316299557685852 0.8596585988998413 0.4829343557357788 0.166617751121521 -0.5175148844718933 -0.49562498927116394 0.7093247771263123 0.5012128353118896 0.9805302023887634
1305031459.627608 0.12386681884527206 -0.5134518146514893 0.8491314649581909 -0.9316299557685852 0.8596585988998413 0.4829343557357788 0.166617751121521 -0.5175148844718933 -0.49562498927116394 0.7093247771263123 0.5012128353118896 0.9805302023887634
1305031459.627608 0.12386681884527206 -0.5134518146514893 0.8491314649581909 -0.9316299557685852 0.8596585988998413 0.4829343557357788 0.166617751121521 -0.5175148844718933 -0.49562498927116394 0.7093247771263123 0.5012128353118896 0.9805302023887634
1305031459.627608 0.12386681884527206 -0.5134518146514893 0.8491314649581909 -0.9316299557685852 0.8596585988998413 0.4829343557357788 0.166617751121521 -0.5175148844718933 -0.49562498927116394 0.7093247771263123 0.5012128353118896 0.9805302023887634
1305031459.627608 0.12386681884527206 -0.5134518146514893 0.8491314649581909 -0.9316299557685852 0.8596585988998413 0.4829343557357788 0.166617751121521 -0.5175148844718933 -0.49562498927116394 0.7093247771263123 0.5012128353118896 0.9805302023887634
1305031459.627608 0.12386681884527206 -0.5134518146514893 0.8491314649581909 -0.9316299557685852 0.8596585988998413 0.4829343557357788 0.166617751121521 -0.5175148844718933 -0.49562498927116394 0.7093247771263123 0.5012128353118896 0.9805302023887634
1305031459.627608 0.12386681884527206 -0.5134518146514893 0.8491314649581909 -0.9316299557685852 0.8596585988998413 0.4829343557357788 0.166617751121521 -0.5175148844718933 -0.49562498927116394 0.7093247771263123 0.5012128353118896 0.9805302023887634
1305031459.627608 0.12386681884527206 -0.5134518146514893 0.8491314649581909 -0.9316299557685852 0.8596585988998413 0.4829343557357788 0.166617751121521 -0.5175148844718933 -0.49562498927116394 0.7093247771263123 0.5012128353118896 0.9805302023887634
1305031459.627608 0.12386681884527206 -0.5134518146514893 0.8491314649581909 -0.9316299557685852 0.8596585988998413 0.4829343557357788 0.166617751121521 -0.5175148844718933 -0.49562498927116394 0.7093247771263123 0.5012128353118896 0.9805302023887634
1305031459.627608 0.12386681884527206 -0.5134518146514893 0.8491314649581909 -0.9316299557685852 0.8596585988998413 0.4829343557357788 0.166617751121521 -0.5175148844718933 -0.49562498927116394 0.7093247771263123 0.5012128353118896 0.9805302023887634
1305031459.627608 0.12386681884527206 -0.5134518146514893 0.8491314649581909 -0.9316299557685852 0.8596585988998413 0.4829343557357788 0.166617751121521 -0.5175148844718933 -0.49562498927116394 0.7093247771263123 0.5012128353118896 0.9805302023887634
1305031459.627608 0.12386681884527206 -0.5134518146514893 0.8491314649581909 -0.9316299557685852 0.8596585988998413 0.4829343557357788 0.166617751121521 -0.5175148844718933 -0.49562498927116394 0.7093247771263123 0.5012128353118896 0.9805302023887634
1305031459.627608 0.12386681884527206 -0.5134518146514893 0.8491314649581909 -0.9316299557685852 0.8596585988998413 0.4829343557357788 0.166617751121521 -0.5175148844718933 -0.49562498927116394 0.7093247771263123 0.5012128353118896 0.9805302023887634
1305031459.627608 0.12386681884527206 -0.5134518146514893 0.8491314649581909 -0.9316299557685852 0.8596585988998413 0.4829343557357788 0.166617751121521 -0.5175148844718933 -0.49562498927116394 0.7093247771263123 0.5012128353118896 0.9805302023887634
1305031459.627608 0.12386681884527206 -0.5134518146514893 0.8491314649581909 -0.9316299557685852 0.8596585988998413 0.4829343557357788 0.166617751121521 -0.5175148844718933 -0.49562498927116394 0.7093247771263123 0.5012128353118896 0.9805302023887634
