0.2073381 0.9999801516532898 -0.005613937042653561 -0.0028649766463786364 0.0024023507721722126 0.005610089749097824 0.9999834895133972 -0.0013490234268829226 -0.0431084930896759 0.0028725014999508858 0.0013329236535355449 0.9999949336051941 0.19583067297935486
0.3110752 0.9999595880508423 -0.005898778792470694 -0.0067847780883312225 0.0020562235731631517 0.005879389587789774 0.9999786019325256 -0.0028741590213030577 -0.04314770549535751 0.006801585201174021 0.002834152663126588 0.9999728202819824 0.22435928881168365
0.4146917 0.9999146461486816 -0.004542200826108456 -0.012249971739947796 0.0017017805948853493 0.004501936491578817 0.9999843835830688 -0.0033124880865216255 -0.04341559484601021 0.012264828197658062 0.0032570557668805122 0.9999194741249084 0.25350382924079895
0.5184302 0.9998486638069153 -0.0057792519219219685 -0.016404196619987488 0.0008850414305925369 0.00572313042357564 0.9999775886535645 -0.003466035006567836 -0.04373063147068024 0.01642385683953762 0.0033716277685016394 0.9998593926429749 0.28331074118614197
0.6220448 0.9997924566268921 -0.003585216822102666 -0.020054969936609268 -0.0005801045335829258 0.003488443326205015 0.9999820590019226 -0.004858322907239199 -0.04396985471248627 0.020072029903531075 0.004787354730069637 0.9997870922088623 0.31328779458999634
0.7257977 0.999687671661377 -0.0006231843726709485 -0.024980077520012856 -0.0017816233448684216 0.0004830040561500937 0.9999842047691345 -0.005617293994873762 -0.04415227845311165 0.024983184412121773 0.005603476893156767 0.9996721744537354 0.34423086047172546
0.8294199 0.999570369720459 -0.00035289963125251234 -0.029312798753380775 -0.0030975928530097008 0.00022793472453486174 0.9999908804893494 -0.004266378469765186 -0.044205788522958755 0.029314035549759865 0.004257863853126764 0.9995611310005188 0.3759826421737671
0.9331467 0.9994375109672546 -0.001551097258925438 -0.03350427746772766 -0.004422090947628021 0.001506752916611731 0.9999979734420776 -0.0013487528776749969 -0.044566210359334946 0.033506300300359726 0.001297512324526906 0.9994377493858337 0.40877485275268555
1.03691 0.9993448257446289 -0.0017739959293976426 -0.0361487977206707 -0.00641754362732172 0.0018290327861905098 0.9999971389770508 0.0014894845662638545 -0.044878970831632614 0.03614605590701103 -0.001554626040160656 0.9993453025817871 0.43965041637420654
1.140497 0.9992707371711731 -0.00014761472993995994 -0.03818110376596451 -0.008381525054574013 0.0001754812110448256 0.9999996423721313 0.0007265187450684607 -0.045180369168519974 0.03818098083138466 -0.0007326891063712537 0.999270498752594 0.47191253304481506
1.244242 0.99922776222229 -0.0005822241655550897 -0.03928842395544052 -0.010529725812375546 0.0006105027277953923 0.9999995827674866 0.0007077692425809801 -0.04549894481897354 0.0392879843711853 -0.0007312085945159197 0.9992276430130005 0.5046216249465942
1.347979 0.9991315603256226 -0.0036527246702462435 -0.041505374014377594 -0.011705686338245869 0.0036576385609805584 0.9999933242797852 4.245877426001243e-05 -0.04556252062320709 0.041504938155412674 -0.00019423356570769101 0.9991382956504822 0.5379244089126587
1.451596 0.9990112781524658 -0.0039460440166294575 -0.044282060116529465 -0.012748158536851406 0.003985354211181402 0.9999917149543762 0.0007994757033884525 -0.04575759544968605 0.04427853599190712 -0.0009751648176461458 0.9990188479423523 0.572361946105957
1.555212 0.9989370107650757 -0.005776404403150082 -0.04573327675461769 -0.014351635240018368 0.005823541898280382 0.9999826550483704 0.0008975420496426523 -0.0462426021695137 0.045727308839559555 -0.001162917586043477 0.9989532828330994 0.6065893173217773
1.65896 0.9988587498664856 -0.0035517278593033552 -0.04762982949614525 -0.01619068905711174 0.0034877571742981672 0.9999929070472717 -0.0014261192409321666 -0.046596772968769073 0.047634556889534 0.0012583703501150012 0.9988640546798706 0.6412417888641357
1.762569 0.9987900257110596 -0.0030617970041930676 -0.049085211008787155 -0.017931200563907623 0.002853784942999482 0.9999866485595703 -0.004307302180677652 -0.0467652902007103 0.04909773916006088 0.004162010736763477 0.9987852573394775 0.6764391660690308
1.866302 0.9987151622772217 0.0009079886367544532 -0.05066611245274544 -0.020295221358537674 -0.0012099563609808683 0.999981701374054 -0.005929599050432444 -0.04720213636755943 0.050659794360399246 0.005983283743262291 0.9986981153488159 0.7129032611846924
1.969923 0.9986485838890076 0.001872807159088552 -0.05193755403161049 -0.02219376526772976 -0.002170488005504012 0.9999815225601196 -0.0056756907142698765 -0.04758155345916748 0.05192596837878227 0.005780750885605812 0.9986341595649719 0.7478265762329102
2.073666 0.9985865950584412 0.0009842647705227137 -0.05313998833298683 -0.024283941835165024 -0.0011839332291856408 0.999992311000824 -0.0037260507233440876 -0.048308998346328735 0.05313590541481972 0.003783698193728924 0.9985800981521606 0.784156084060669
2.177281 0.9985001683235168 0.0018831915222108364 -0.05471550673246384 -0.02638271450996399 -0.002038172446191311 0.9999940395355225 -0.002776829292997718 -0.0485212579369545 0.05470994859933853 0.0028841840103268623 0.9984980821609497 0.8224549889564514
2.281017 0.9984461069107056 0.0009701253729872406 -0.055717602372169495 -0.028505824506282806 -0.0010909682605415583 0.9999971389770508 -0.0021384579595178366 -0.04917768016457558 0.05571536719799042 0.002195920329540968 0.9984442591667175 0.8575375080108643
2.384639 0.9983398914337158 0.0006684722611680627 -0.05759299546480179 -0.03065585531294346 -0.0008452015463262796 0.9999951124191284 -0.0030442876741290092 -0.049470867961645126 0.05759067460894585 0.0030879115220159292 0.9983354806900024 0.896099328994751
2.48825 0.9982852935791016 -0.0006800323608331382 -0.05853123962879181 -0.03284715116024017 0.00045901440898887813 0.9999927282333374 -0.0037894276902079582 -0.05002402141690254 0.05853338539600372 0.0037560623604804277 0.9982783794403076 0.9323724508285522
2.591988 0.9982430338859558 -0.0009947398211807013 -0.059243328869342804 -0.035041652619838715 0.0009088353253901005 0.9999985098838806 -0.0014769507106393576 -0.05056412145495415 0.05924469605088234 0.0014205132611095905 0.9982425570487976 0.9714149832725525
2.695832 0.9982903599739075 0.0006019615102559328 -0.05844537168741226 -0.03812241926789284 -0.0005174765246920288 0.9999988079071045 0.0014606598997488618 -0.0509437695145607 0.058446191251277924 -0.0014279186725616455 0.9982895255088806 1.008902907371521
2.799367 0.9983279705047607 0.0019962152000516653 -0.057769544422626495 -0.04047543555498123 -0.0016963215311989188 0.9999848008155823 0.005239780060946941 -0.05136183649301529 0.05777912586927414 -0.005133022554218769 0.9983161687850952 1.0473958253860474
2.903084 0.9984166622161865 0.0006940095918253064 -0.056248988956213 -0.04265379533171654 -0.0002461556578055024 0.9999682307243347 0.007968524470925331 -0.051480554044246674 0.05625273659825325 -0.007942060939967632 0.998384952545166 1.0862829685211182
3.006768 0.9985092282295227 0.0008831668528728187 -0.0545755997300148 -0.04502671957015991 -0.000399332056986168 0.9999605417251587 0.00887566152960062 -0.05171829089522362 0.054581284523010254 -0.008840636350214481 0.9984701871871948 1.1253159046173096
3.110441 0.998590886592865 0.001376065774820745 -0.053049445152282715 -0.04735823720693588 -0.0010685574961826205 0.9999824166297913 0.00582456961274147 -0.051781583577394485 0.05305652320384979 -0.005759676452726126 0.9985748529434204 1.164424180984497
3.214057 0.9986305832862854 0.002137164818122983 -0.052270568907260895 -0.04944787919521332 -0.0020884035620838404 0.9999973177909851 0.0009874498937278986 -0.05192314460873604 0.05227254703640938 -0.000876935722772032 0.9986324906349182 1.204126238822937
3.317669 0.9986925721168518 0.0012367496965453029 -0.05110467970371246 -0.05164007842540741 -0.0013419290771707892 0.999997079372406 -0.002023852663114667 -0.05205769091844559 0.05110203102231026 0.0020897851791232824 0.9986913204193115 1.2440727949142456
3.421285 0.9987490177154541 -0.0007490532007068396 -0.050000932067632675 -0.05389123037457466 0.0006990220863372087 0.9999992251396179 -0.0010180906392633915 -0.052503254264593124 0.050001662224531174 0.0009818652179092169 0.9987486600875854 1.2839573621749878
3.524925 0.9987258315086365 -0.0023861569352447987 -0.050408922135829926 -0.05591588839888573 0.0025841679889708757 0.9999891519546509 0.0038632932119071484 -0.05281728878617287 0.05039915814995766 -0.0039886366575956345 0.9987211227416992 1.325025200843811
3.628545 0.9986807703971863 -0.005708663258701563 -0.05103088542819023 -0.05799860507249832 0.006078262347728014 0.9999563694000244 0.007090385537594557 -0.053108859807252884 0.05098818242549896 -0.007391210645437241 0.9986718893051147 1.365389108657837
3.732256 0.998548686504364 -0.012961242347955704 -0.052275266498327255 -0.05957833305001259 0.013322954066097736 0.9998895525932312 0.006576851941645145 -0.05346575751900673 0.05218423902988434 -0.007263767067342997 0.9986110329627991 1.4061598777770996
3.835871 0.9984444379806519 -0.014972700737416744 -0.05370699614286423 -0.0617109015583992 0.01514008641242981 0.9998816847801208 0.0027111414819955826 -0.05365542694926262 0.05366004630923271 -0.003520052880048752 0.9985530376434326 1.4470587968826294
3.939488 0.998375654220581 -0.014630118384957314 -0.05506141483783722 -0.06405691802501678 0.014586346223950386 0.9998928904533386 -0.0011967550963163376 -0.05394614115357399 0.05507302284240723 0.0003916664281859994 0.9984821677207947 1.4880976676940918
4.043107 0.9982689023017883 -0.013524153269827366 -0.05723900347948074 -0.06662292778491974 0.013431795872747898 0.9999077916145325 -0.001997967017814517 -0.05418901890516281 0.057260747998952866 0.001225685584358871 0.9983584880828857 1.5295225381851196
4.146888 0.9982392191886902 -0.013568304479122162 -0.05774347484111786 -0.06935849785804749 0.013548280112445354 0.999907910823822 -0.0007382954936474562 -0.05453549325466156 0.05774819105863571 -4.532917955657467e-05 0.9983311891555786 1.5708705186843872
4.25046 0.9981967210769653 -0.010788343846797943 -0.0590502955019474 -0.07182854413986206 0.01092444732785225 0.999938428401947 0.0019825363997370005 -0.054852575063705444 0.059025269001722336 -0.0026240528095513582 0.9982529878616333 1.612565517425537
4.354202 0.998151957988739 -0.010050833225250244 -0.05992921069264412 -0.07493852078914642 0.010257492773234844 0.9999424815177917 0.0031417510472238064 -0.0552479550242424 0.05989418178796768 -0.003750668140128255 0.9981977343559265 1.6539617776870728
4.45794 0.9981249570846558 -0.008493580855429173 -0.060616038739681244 -0.07785464078187943 0.008857212960720062 0.9999443888664246 0.0057327719405293465 -0.05560826510190964 0.06056397780776024 -0.006258911453187466 0.9981447458267212 1.6957145929336548
4.561559 0.9980899691581726 -0.009134503081440926 -0.0610966831445694 -0.08023619651794434 0.009712162427604198 0.999910831451416 0.00916457548737526 -0.056120291352272034 0.06100751459598541 -0.009740453213453293 0.9980897903442383 1.7389466762542725
4.665293 0.998116135597229 -0.0029396768659353256 -0.061282768845558167 -0.08366090059280396 0.0036436503287404776 0.9999285936355591 0.011378717608749866 -0.056277960538864136 0.06124491989612579 -0.0115805733948946 0.9980556964874268 1.7807915210723877
4.768912 0.9981004595756531 -0.0028203276451677084 -0.061542656272649765 -0.08608376979827881 0.003461281070485711 0.9999407529830933 0.010310657322406769 -0.05613313615322113 0.06150994449853897 -0.010504086501896381 0.9980512261390686 1.822476863861084
4.872532 0.9980993270874023 -0.0032813544385135174 -0.06153704971075058 -0.08887074887752533 0.00385522679425776 0.999950110912323 0.009209228679537773 -0.05651140958070755 0.06150377541780472 -0.009428963996469975 0.9980623126029968 1.8638769388198853
4.976146 0.9981215596199036 -0.0009200053755193949 -0.06125719100236893 -0.09198594093322754 0.0013312094379216433 0.9999768137931824 0.006672269199043512 -0.05649203807115555 0.06124962493777275 -0.0067412820644676685 0.9980998039245605 1.9050959348678589
5.079909 0.9980518817901611 -0.000926837557926774 -0.06238257512450218 -0.09457799047231674 0.0013531369622796774 0.9999760389328003 0.006791722495108843 -0.056895677000284195 0.0623747818171978 -0.006862903479486704 0.9980291724205017 1.947002649307251
5.183503 0.9979808330535889 -0.0032245172187685966 -0.06343373656272888 -0.09728506952524185 0.0037170907016843557 0.9999637603759766 0.007648681756108999 -0.05687285214662552 0.06340678781270981 -0.007869024761021137 0.9979568719863892 1.9882699251174927
5.287117 0.9978958368301392 -0.0026407905388623476 -0.0647834986448288 -0.09981606900691986 0.003219624748453498 0.9999558329582214 0.008832131512463093 -0.05728910490870476 0.06475730240345001 -0.009022125042974949 0.9978602528572083 2.029907703399658
5.390861 0.997904360294342 -0.0003387878241483122 -0.06470537185668945 -0.10283035784959793 0.0006943546468392015 0.9999848008155823 0.005472755990922451 -0.05766814947128296 0.06470254808664322 -0.005506215617060661 0.9978893995285034 2.0705034732818604
5.494473 0.9978397488594055 0.0003064776537939906 -0.06569384783506393 -0.10560416430234909 -0.00023427708947565407 0.9999994039535522 0.0011067450977861881 -0.057993412017822266 0.06569414585828781 -0.0010889647528529167 0.9978391528129578 2.1112968921661377
5.598233 0.997831404209137 0.0013054066803306341 -0.06580865383148193 -0.1088465228676796 -0.0013178460067138076 0.9999990463256836 -0.00014560385898221284 -0.058177657425403595 0.06580841541290283 0.00023201375734061003 0.997832179069519 2.1522433757781982
5.701829 0.9978026151657104 -3.0294700991362333e-05 -0.06625661998987198 -0.11147616058588028 0.0002536577230785042 0.9999943971633911 0.003362764371559024 -0.05869010463356972 0.06625615060329437 -0.0033721814397722483 0.997796893119812 2.193157911300659
5.805571 0.9978141188621521 -0.0018940223380923271 -0.06605619937181473 -0.11441192775964737 0.002326455432921648 0.9999763369560242 0.006470128893852234 -0.05892346799373627 0.06604237854480743 -0.006609662435948849 0.9977949261665344 2.2334582805633545
5.909185 0.9977768063545227 -0.003885293612256646 -0.06653066724538803 -0.11689911782741547 0.004368580412119627 0.9999650120735168 0.007120172958821058 -0.059382565319538116 0.06650068610906601 -0.007394987158477306 0.9977589845657349 2.273648262023926
6.012921 0.9977676272392273 -0.006852736230939627 -0.06642893701791763 -0.11957380175590515 0.007265855558216572 0.9999557137489319 0.0059793563559651375 -0.05971425771713257 0.06638503074645996 -0.006448671221733093 0.9977732300758362 2.3139781951904297
6.116541 0.9977410435676575 -0.008939615450799465 -0.06657955050468445 -0.1224096342921257 0.009256700053811073 0.999947190284729 0.004455521237105131 -0.06001918762922287 0.06653621792793274 -0.00506176333874464 0.9977712035179138 2.353769063949585
6.220278 0.9976231455802917 -0.010976290330290794 -0.06802654266357422 -0.12472528219223022 0.011412341147661209 0.999916672706604 0.006024687085300684 -0.06055216118693352 0.06795475631952286 -0.006786709651350975 0.997665286064148 2.3934314250946045
6.323895 0.9975112080574036 -0.01451816689223051 -0.06899773329496384 -0.12715643644332886 0.015223800204694271 0.9998369216918945 0.009712073020637035 -0.06042012572288513 0.0688454881310463 -0.010738309472799301 0.9975695610046387 2.432651996612549
6.427659 0.9974499344825745 -0.014998328872025013 -0.06977561116218567 -0.13024500012397766 0.016090989112854004 0.9997561573982239 0.015123987570405006 -0.060837872326374054 0.06953174620866776 -0.01620817929506302 0.9974480867385864 2.4737675189971924
6.531383 0.9974543452262878 -0.013406061567366123 -0.07003504782915115 -0.13343536853790283 0.014622646383941174 0.999750554561615 0.016887392848730087 -0.060599714517593384 0.06979117542505264 -0.01786850206553936 0.9974016547203064 2.5128908157348633
6.634992 0.9973559975624084 -0.012056272476911545 -0.07166369259357452 -0.13629551231861115 0.013053192757070065 0.9998242259025574 0.01345906313508749 -0.0609380379319191 0.07148881256580353 -0.014358916319906712 0.997338056564331 2.552884101867676
6.738741 0.9973124861717224 -0.009640577249228954 -0.07262703031301498 -0.13950654864311218 0.010069827549159527 0.9999338984489441 0.005546496249735355 -0.06105070933699608 0.07256875187158585 -0.006262931972742081 0.9973436594009399 2.5911903381347656
6.84235 0.9972232580184937 -0.008598567917943 -0.07397101074457169 -0.14222291111946106 0.00868553202599287 0.9999618530273438 0.0008540390408597887 -0.061424482613801956 0.07396084815263748 -0.0014941449044272304 0.9972601532936096 2.6300179958343506
6.945963 0.9971875548362732 -0.003804683918133378 -0.07485049962997437 -0.14552439749240875 0.003953602164983749 0.9999904632568359 0.0018414577934890985 -0.0618751123547554 0.07484278827905655 -0.002132207155227661 0.9971930384635925 2.6674559116363525
7.049705 0.9971195459365845 -0.000966217543464154 -0.07584013789892197 -0.1487957239151001 0.0012709518196061254 0.9999912977218628 0.003969951532781124 -0.062370531260967255 0.07583566009998322 -0.004054905381053686 0.9971120953559875 2.7059898376464844
7.153323 0.9970324039459229 0.0014928813325241208 -0.07696907967329025 -0.15167665481567383 -0.001076586777344346 0.9999845623970032 0.005449801217764616 -0.06285294890403748 0.07697602361440659 -0.005350764375180006 0.997018575668335 2.742694139480591
7.256934 0.9969548583030701 0.0023836963810026646 -0.07794424146413803 -0.1549137681722641 -0.001996481092646718 0.9999852180480957 0.005045406054705381 -0.06309129297733307 0.07795511931180954 -0.004874427802860737 0.9969449639320374 2.7793068885803223
7.360549 0.9967877864837646 0.00409874739125371 -0.07998336106538773 -0.15759268403053284 -0.003640949260443449 0.9999760985374451 0.005868669133633375 -0.06345459818840027 0.08000551909208298 -0.005558602046221495 0.9967789053916931 2.814943313598633
7.464167 0.9967221617698669 0.005612565670162439 -0.08070489764213562 -0.16128313541412354 -0.005100099835544825 0.9999654293060303 0.006554600317031145 -0.06411783397197723 0.08073888719081879 -0.0061215125024318695 0.9967165589332581 2.8499562740325928
7.567786 0.9965952038764954 0.005006044637411833 -0.08229724317789078 -0.1638125479221344 -0.004414941184222698 0.9999630451202393 0.007362970616668463 -0.06471244990825653 0.08233106136322021 -0.006974563468247652 0.9965806603431702 2.8831515312194824
7.671396 0.9964888691902161 0.004273083992302418 -0.08361494541168213 -0.1667768955230713 -0.003594081150367856 0.9999592900276184 0.00826942827552557 -0.06484399735927582 0.08364687114953995 -0.00793987512588501 0.9964638352394104 2.917511463165283
7.775144 0.99638831615448 0.007532523944973946 -0.08457858860492706 -0.17043955624103546 -0.006660981569439173 0.9999217987060547 0.010582000948488712 -0.0647568553686142 0.08465168625116348 -0.009980405680835247 0.9963605999946594 2.952878713607788
7.878754 0.9962670803070068 0.00928431935608387 -0.0858224630355835 -0.17337588965892792 -0.008053290657699108 0.9998597502708435 0.0146790174767375 -0.06497662514448166 0.08594672381877899 -0.013933070935308933 0.9962022304534912 2.9858028888702393
7.982493 0.9960867166519165 0.012903129681944847 -0.08743380010128021 -0.17646321654319763 -0.011510796844959259 0.9997991323471069 0.016409967094659805 -0.06510564684867859 0.08762796968221664 -0.015339318662881851 0.9960351586341858 3.0175321102142334
8.086111 0.9959796071052551 0.01489955559372902 -0.08833260089159012 -0.1801634579896927 -0.013861887156963348 0.9998276829719543 0.012349109165370464 -0.06528591364622116 0.08850136399269104 -0.011075005866587162 0.996014416217804 3.049572229385376
8.189849 0.9959129095077515 0.014865112490952015 -0.08908694982528687 -0.18370117247104645 -0.014477916993200779 0.9998828172683716 0.004990912042558193 -0.06544998288154602 0.08915068954229355 -0.0036807204596698284 0.9960113763809204 3.0798287391662598
8.29347 0.9957578182220459 0.014182989485561848 -0.09091289341449738 -0.1862054318189621 -0.014341981150209904 0.9998965263366699 -0.0010957121849060059 -0.06558847427368164 0.09088794887065887 0.002394934417679906 0.9958582520484924 3.11021089553833
8.397102 0.9957075119018555 0.01501529011875391 -0.09132980555295944 -0.1890457421541214 -0.015254979021847248 0.9998818039894104 -0.0019268919713795185 -0.06622947752475739 0.09129007160663605 0.003311854787170887 0.9958188533782959 3.1391708850860596
8.500847 0.9955681562423706 0.01787344366312027 -0.09232860058546066 -0.1917661428451538 -0.017761144787073135 0.9998401403427124 0.0020378916524350643 -0.06701716035604477 0.09235027432441711 -0.00038899900391697884 0.9957265257835388 3.167438268661499
8.604438 0.9954329133033752 0.018164487555623055 -0.09372060745954514 -0.19469329714775085 -0.01789020374417305 0.999832808971405 0.0037660759408026934 -0.06705765426158905 0.09377337992191315 -0.0020721948239952326 0.9955913424491882 3.1956963539123535
8.708175 0.9954175353050232 0.015056806616485119 -0.09442980587482452 -0.19746923446655273 -0.015071619302034378 0.9998862743377686 0.0005563525483012199 -0.067575603723526 0.0944274514913559 0.0008694063872098923 0.9955313801765442 3.221863031387329
8.811795 0.9954372644424438 0.007146038580685854 -0.09514980018138885 -0.19864395260810852 -0.0076295156031847 0.9999597668647766 -0.004718393553048372 -0.06798002123832703 0.09511225670576096 0.005422810558229685 0.9954517483711243 3.2477290630340576
8.915403 0.9956228733062744 0.0031102681532502174 -0.09340981394052505 -0.20164597034454346 -0.003980961162596941 0.9999502897262573 -0.009136322885751724 -0.06882364302873611 0.0933767631649971 0.009468193165957928 0.9955857396125793 3.273109197616577
9.019162 0.9959158301353455 0.005446155555546284 -0.09012182801961899 -0.20416150987148285 -0.006291817408055067 0.9999387860298157 -0.009102114476263523 -0.06946524977684021 0.09006673842668533 0.009631969965994358 0.9958890676498413 3.2974255084991455
9.12289 0.9962502121925354 0.009962095879018307 -0.0859437957406044 -0.20648008584976196 -0.010562732815742493 0.9999228715896606 -0.00653679808601737 -0.06963670998811722 0.08587203919887543 0.0074200863018631935 0.9962784647941589 3.3208417892456055
9.226512 0.9966541528701782 0.00888781901448965 -0.08125098794698715 -0.20853474736213684 -0.009219840168952942 0.9999505877494812 -0.003712098114192486 -0.06992775946855545 0.08121398836374283 0.004448798019438982 0.9966867566108704 3.3450071811676025
9.330247 0.9971345663070679 0.0053906869143247604 -0.07545608282089233 -0.20985674858093262 -0.005368469748646021 0.9999854564666748 0.0004972864408046007 -0.07030890882015228 0.07545766979455948 -9.077787399291992e-05 0.9971489906311035 3.3674824237823486
9.433986 0.9977092146873474 0.0005281204939819872 -0.06764458119869232 -0.2106514871120453 -0.000255294784437865 0.9999918937683105 0.004041798412799835 -0.07091519236564636 0.06764616817235947 -0.00401527201756835 0.9977012872695923 3.389775037765503
9.537749 0.9984073042869568 0.004046985879540443 -0.05626881495118141 -0.21236154437065125 -0.0038783180061727762 0.9999876022338867 0.003106430172920227 -0.07068681716918945 0.05628069117665291 -0.002883255947381258 0.9984108209609985 3.411271333694458
9.641587 0.999094545841217 0.009266698732972145 -0.04152072221040726 -0.21301594376564026 -0.009144007228314877 0.9999530911445618 0.003143965033814311 -0.07138831168413162 0.041547901928424835 -0.0027614529244601727 0.9991327524185181 3.4319398403167725
9.745342 0.999625563621521 0.014264481142163277 -0.0233486145734787 -0.21332105994224548 -0.014172635041177273 0.9998909831047058 0.004094649106264114 -0.0717739686369896 0.02340446412563324 -0.003762205131351948 0.9997190237045288 3.452420234680176
9.849229 0.999914824962616 0.0130081158131361 -0.0010804898338392377 -0.21302193403244019 -0.013003520667552948 0.9999067783355713 0.004161442164331675 -0.07169119268655777 0.0011345199309289455 -0.004147037863731384 0.999990701675415 3.4742274284362793
9.953059 0.9996351003646851 0.009412653744220734 0.025320017710328102 -0.21162307262420654 -0.009542777203023434 0.9999417662620544 0.0050231521017849445 -0.07190824300050735 -0.02527126669883728 -0.005262942053377628 0.9996667504310608 3.4938528537750244
10.05693 0.9984828233718872 0.008268889039754868 0.05443865433335304 -0.20953837037086487 -0.008648322895169258 0.9999398589134216 0.006738042924553156 -0.07236392796039581 -0.0543796569108963 -0.007198622915893793 0.9984945058822632 3.5129456520080566
10.16083 0.9961129426956177 0.007792517077177763 0.08774065226316452 -0.2073098123073578 -0.008563145995140076 0.9999278783798218 0.008410042151808739 -0.0727059543132782 -0.08766882121562958 -0.009128686971962452 0.9961078763008118 3.5306365489959717
10.26466 0.9920604228973389 0.007851074449717999 0.12551634013652802 -0.20412462949752808 -0.009067189879715443 0.9999172687530518 0.009120535105466843 -0.07293689996004105 -0.12543432414531708 -0.010186201892793179 0.9920495748519897 3.5490286350250244
10.36867 0.985980749130249 0.008233201690018177 0.1666555255651474 -0.19994914531707764 -0.009873731061816216 0.9999105930328369 0.00901766587048769 -0.0730404481291771 -0.16656635701656342 -0.010536759160459042 0.9859738945960999 3.56667160987854
10.47264 0.9771060943603516 0.00793495960533619 0.21260467171669006 -0.19551748037338257 -0.010050090029835701 0.9999101758003235 0.00886978954076767 -0.0732145607471466 -0.2125152200460434 -0.010803421959280968 0.9770980477333069 3.585336685180664
10.57663 0.9651031494140625 0.010130212642252445 0.26167407631874084 -0.1900089979171753 -0.01239064522087574 0.9998987317085266 0.006989855319261551 -0.07359838485717773 -0.261576771736145 -0.009988241828978062 0.9651310443878174 3.602048397064209
10.68062 0.9493180513381958 0.011194678023457527 0.3141177296638489 -0.18317818641662598 -0.013173960149288177 0.9999045133590698 0.0041789100505411625 -0.07392363250255585 -0.3140409290790558 -0.008105290122330189 0.949374794960022 3.6179776191711426
10.78461 0.9290505647659302 0.011538817547261715 0.3697727918624878 -0.1755601167678833 -0.013178340159356594 0.999911367893219 0.0019080622587352991 -0.0740983709692955 -0.3697179853916168 -0.006645676679909229 0.9291203022003174 3.6334388256073
10.88875 0.9044814109802246 0.012661169283092022 0.4263252019882202 -0.16690731048583984 -0.013655062764883041 0.9999064207077026 -0.0007253428921103477 -0.0739290863275528 -0.4262945353984833 -0.005165438167750835 0.9045697450637817 3.647993326187134
10.99272 0.8747598528862 0.012651942670345306 0.48439162969589233 -0.1579909324645996 -0.012953166849911213 0.9999123215675354 -0.0027249078266322613 -0.07421687245368958 -0.4843837022781372 -0.003890764433890581 0.8748471736907959 3.661698341369629
11.09659 0.8409556150436401 0.011602897197008133 0.5409796237945557 -0.14733469486236572 -0.0106291389092803 0.9999313950538635 -0.0049234176985919476 -0.07446327060461044 -0.540999710559845 -0.0016097722109407187 0.8410211801528931 3.674924850463867
11.20057 0.8033948540687561 0.011387402191758156 0.5953376889228821 -0.13645470142364502 -0.009950670413672924 0.999934196472168 -0.005698169581592083 -0.07498739659786224 -0.5953634977340698 -0.0013461303897202015 0.8034552931785583 3.6870429515838623
11.30431 0.7635689377784729 0.009885145351290703 0.6456506252288818 -0.12427031993865967 -0.00844421237707138 0.9999501705169678 -0.00532317953184247 -0.0752122774720192 -0.6456710696220398 -0.0013873967109248042 0.7636143565177917 3.698390483856201
11.40818 0.7202011346817017 0.009515720419585705 0.6936999559402466 -0.11190104484558105 -0.009716632775962353 0.9999462366104126 -0.003628769889473915 -0.0753636509180069 -0.6936971545219421 -0.004126985557377338 0.7202549576759338 3.709174156188965
11.51192 0.6746647953987122 0.008665347471833229 0.7380733489990234 -0.09876346588134766 -0.009115554392337799 0.9999526739120483 -0.003407510928809643 -0.07560710608959198 -0.7380679249763489 -0.004429019521921873 0.6747118830680847 3.7188704013824463
11.61553 0.6278831958770752 0.007278268691152334 0.7782735824584961 -0.0850522518157959 -0.005851070396602154 0.9999721646308899 -0.004631119314581156 -0.07603099197149277 -0.7782856225967407 -0.0016459315083920956 0.6279082894325256 3.727426290512085
11.71927 0.5812616944313049 0.004874635022133589 0.8137020468711853 -0.07066643238067627 -0.0006388389738276601 0.9999844431877136 -0.005534245166927576 -0.07641871273517609 -0.8137165307998657 0.0026970210019499063 0.5812557339668274 3.7349231243133545
11.82277 0.5335174202919006 0.006904135458171368 0.8457608819007874 -0.05646359920501709 -0.0022742876317352057 0.9999747276306152 -0.006728366948664188 -0.0767589807510376 -0.8457860350608826 0.0016661974368616939 0.5335196256637573 3.74263334274292
11.92638 0.4859375059604645 0.00961508508771658 0.8739405870437622 -0.04218447208404541 -0.006425715982913971 0.9999517202377319 -0.007428564131259918 -0.07722991704940796 -0.8739699125289917 -0.0020058767404407263 0.48597580194473267 3.7492246627807617
12.03 0.4399207830429077 0.011862569488584995 0.8979582190513611 -0.02707052230834961 -0.007173706311732531 0.9999272227287292 -0.009695157408714294 -0.07758229970932007 -0.8980079293251038 -0.0021765874698758125 0.4399738311767578 3.7553396224975586
12.13361 0.39735642075538635 0.00930061750113964 0.9176172018051147 -0.011825203895568848 2.6098725356860086e-05 0.9999484419822693 -0.010146398097276688 -0.07787900418043137 -0.9176643490791321 0.004055684898048639 0.3973357379436493 3.760056257247925
12.2371 0.3578683137893677 0.002219118643552065 0.9337694048881531 0.004200935363769531 0.015218855813145638 0.9998505115509033 -0.008208809420466423 -0.0779324620962143 -0.9336480498313904 0.0171485785394907 0.3577811121940613 3.763814926147461
12.3406 0.32272711396217346 -0.001515242620371282 0.9464908242225647 0.020314574241638184 0.019542912021279335 0.9997962117195129 -0.005063013639301062 -0.07811523228883743 -0.9462901949882507 0.02013116143643856 0.3226909935474396 3.767568826675415
12.44411 0.28907063603401184 0.002345707966014743 0.9573048949241638 0.03614354133605957 0.01656987890601158 0.9998350143432617 -0.007453410420566797 -0.078539177775383 -0.9571644067764282 0.018016992136836052 0.2889840006828308 3.7717628479003906
12.54767 0.2581026256084442 0.010237555019557476 0.9660632610321045 0.05267345905303955 0.005574295297265053 0.9999114274978638 -0.012085532769560814 -0.07899142056703568 -0.9661014080047607 0.008504429832100868 0.2580227851867676 3.776033878326416
12.65107 0.22970698773860931 0.014552230015397072 0.9731509685516357 0.06949150562286377 0.0010225486475974321 0.9998840689659119 -0.015193356201052666 -0.07966013252735138 -0.9732592701911926 0.004485114011913538 0.22966545820236206 3.7796196937561035
12.75469 0.2039160281419754 0.016285790130496025 0.9788529276847839 0.08682370185852051 0.0021030674688518047 0.9998519420623779 -0.01707327738404274 -0.08031809329986572 -0.9789861440658569 0.005540108773857355 0.2038516402244568 3.782350778579712
12.85806 0.18062853813171387 0.01762538030743599 0.9833934307098389 0.10469716787338257 0.009661112911999226 0.9997593760490417 -0.019693246111273766 -0.08081004023551941 -0.9835039377212524 0.013057837262749672 0.18041476607322693 3.7844951152801514
12.96167 0.16047129034996033 0.0237924512475729 0.9867538213729858 0.12285947799682617 0.0166625939309597 0.9995017051696777 -0.02680959366261959 -0.08086871355772018 -0.9868997931480408 0.020744044333696365 0.15999488532543182 3.786252021789551
13.0652 0.14078548550605774 0.0306251123547554 0.9895663261413574 0.14154267311096191 0.018447740003466606 0.9992667436599731 -0.03354988247156143 -0.08091174811124802 -0.9898682236671448 0.022978592664003372 0.14011727273464203 3.7882769107818604
13.16877 0.12282691895961761 0.031442318111658096 0.9919298887252808 0.16090115904808044 0.01584947481751442 0.9993083477020264 -0.033638790249824524 -0.08152613788843155 -0.9923015236854553 0.019853319972753525 0.12224359810352325 3.7905631065368652
13.27235 0.10738661885261536 0.02702833153307438 0.9938498139381409 0.1810545027256012 0.014345587231218815 0.9994842410087585 -0.028731612488627434 -0.08244059979915619 -0.9941138029098511 0.01734275184571743 0.10694349557161331 3.792534351348877
13.37588 0.09280939400196075 0.023685786873102188 0.9954021573066711 0.20206311345100403 0.014583422802388668 0.9995774626731873 -0.02514486573636532 -0.08340569585561752 -0.9955770969390869 0.016850050538778305 0.09242474287748337 3.7942872047424316
13.4795 0.07949704676866531 0.02116524986922741 0.9966103434562683 0.2235906720161438 0.016705643385648727 0.9996058940887451 -0.022561434656381607 -0.08418475091457367 -0.9966951012611389 0.018442586064338684 0.07911211997270584 3.7956154346466064
13.58311 0.06822101771831512 0.020447799935936928 0.997460663318634 0.24568751454353333 0.02063976787030697 0.999547004699707 -0.021902218461036682 -0.08476724475622177 -0.9974566698074341 0.022081546485424042 0.06776805222034454 3.7963666915893555
13.68672 0.05774405598640442 0.02119780145585537 0.9981064796447754 0.2683950960636139 0.02376578375697136 0.9994621276855469 -0.022601526230573654 -0.08540968596935272 -0.9980484843254089 0.025025885552167892 0.05720921605825424 3.7975211143493652
13.79034 0.0501599982380867 0.021878696978092194 0.9985015392303467 0.2917655110359192 0.025745684280991554 0.9993994832038879 -0.023191718384623528 -0.08602834492921829 -0.9984093308448792 0.026870405301451683 0.049566593021154404 3.798323392868042
13.89395 0.04447517544031143 0.022174110636115074 0.9987643957138062 0.3159504532814026 0.027500802651047707 0.9993475675582886 -0.023411676287651062 -0.08667488396167755 -0.9986318349838257 0.028508057817816734 0.043836355209350586 3.79923152923584
13.99767 0.038753680884838104 0.02336023561656475 0.9989758133888245 0.3409086763858795 0.02835182100534439 0.9992985129356384 -0.024467648938298225 -0.08726389706134796 -0.9988464117050171 0.02927098609507084 0.03806419298052788 3.8001487255096436
14.1013 0.03284575045108795 0.02403167448937893 0.9991714358329773 0.36655232310295105 0.029171518981456757 0.9992620348930359 -0.024992799386382103 -0.08811064064502716 -0.9990346431732178 0.02996826171875 0.032120462507009506 3.8007922172546387
14.20492 0.028391221538186073 0.023931162431836128 0.9993103742599487 0.3931099772453308 0.031066490337252617 0.9992092847824097 -0.024811364710330963 -0.08895695954561234 -0.9991139769554138 0.03174949064850807 0.02762531116604805 3.801502227783203
14.30854 0.025547582656145096 0.0240620169788599 0.9993839263916016 0.4204394817352295 0.032732270658016205 0.9991540908813477 -0.024893227964639664 -0.08961954712867737 -0.9991375207901001 0.033348072320222855 0.024738367646932602 3.8020524978637695
14.41227 0.022175563499331474 0.023332197219133377 0.9994817972183228 0.4484327733516693 0.03333499655127525 0.9991545081138611 -0.024064166471362114 -0.09054309129714966 -0.9991981983184814 0.03385136276483536 0.021379034966230392 3.802866220474243
14.51589 0.019779445603489876 0.02281014621257782 0.9995441436767578 0.4774060845375061 0.03535524010658264 0.9990984797477722 -0.02349960245192051 -0.0914444848895073 -0.9991790056228638 0.03580394387245178 0.018955158069729805 3.8033204078674316
14.61968 0.018901515752077103 0.022548474371433258 0.9995670318603516 0.5073177814483643 0.039997734129428864 0.9989282488822937 -0.02329040691256523 -0.09223317354917526 -0.9990211129188538 0.040420640259981155 0.017979368567466736 3.8038880825042725
14.72326 0.020045338198542595 0.022211695089936256 0.999552309513092 0.5378001928329468 0.043375350534915924 0.9987925887107849 -0.02306467294692993 -0.09312412142753601 -0.9988577961921692 0.04381827265024185 0.01905769109725952 3.8042845726013184
14.82686 0.02235208824276924 0.02253459393978119 0.9994961023330688 0.5690961480140686 0.04502739757299423 0.9987087249755859 -0.023523803800344467 -0.09374582022428513 -0.9987356066703796 0.0455305278301239 0.021308550611138344 3.8050537109375
14.93048 0.025839170441031456 0.02259635180234909 0.9994106292724609 0.6008667945861816 0.047484077513217926 0.9985882043838501 -0.02380543388426304 -0.09457527846097946 -0.9985377192497253 0.048071201890707016 0.024729721248149872 3.8062336444854736
15.0341 0.03038732521235943 0.02173800952732563 0.9993017315864563 0.6334384679794312 0.04802379012107849 0.9985771179199219 -0.02318257838487625 -0.09572937339544296 -0.9983838200569153 0.04869471490383148 0.029300138354301453 3.807055711746216
15.13784 0.0343087837100029 0.019928498193621635 0.9992125034332275 0.6668271422386169 0.049544040113687515 0.9985380172729492 -0.02161618135869503 -0.09678436815738678 -0.9981824159622192 0.05024665594100952 0.03327128663659096 3.8082683086395264
15.24145 0.03809411823749542 0.018544860184192657 0.9991020560264587 0.7010238170623779 0.04939925670623779 0.9985703229904175 -0.020418498665094376 -0.09758849442005157 -0.9980523586273193 0.05013272911310196 0.03712356463074684 3.810093402862549
15.34508 0.04237833619117737 0.01644280180335045 0.9989663362503052 0.7357697486877441 0.046771030873060226 0.9987356662750244 -0.018423138186335564 -0.09826543182134628 -0.998006284236908 0.047503430396318436 0.04155571758747101 3.811673641204834
15.44881 0.04616021737456322 0.015453964471817017 0.9988145232200623 0.7708711624145508 0.04536346346139908 0.9988163709640503 -0.01755046285688877 -0.09933819621801376 -0.9979034662246704 0.0461198128759861 0.04540453106164932 3.813891649246216
15.55255 0.05011040344834328 0.016642803326249123 0.9986050724983215 0.8059622645378113 0.04234686121344566 0.99892657995224 -0.018773140385746956 -0.10008003562688828 -0.9978455305099487 0.04322850704193115 0.049351830035448074 3.816082000732422
15.65617 0.05302557721734047 0.02044709213078022 0.9983838200569153 0.8422003984451294 0.040556177496910095 0.9989213347434998 -0.02261209860444069 -0.10143979638814926 -0.9977693557739258 0.04168965294957161 0.05213913321495056 3.8186209201812744
15.7599 0.05447012931108475 0.025682073086500168 0.9981850385665894 0.8779236078262329 0.03538646548986435 0.9989914894104004 -0.027633830904960632 -0.10235308855772018 -0.9978882074356079 0.036827463656663895 0.053506411612033844 3.8211820125579834
15.86364 0.05384756624698639 0.028977327048778534 0.9981285929679871 0.9139490127563477 0.03158101066946983 0.9990293979644775 -0.0307072214782238 -0.1037636250257492 -0.9980496168136597 0.03317541256546974 0.05288016423583031 3.8236875534057617
15.96739 0.054171498864889145 0.028581712394952774 0.99812251329422 0.9500036835670471 0.029072297737002373 0.999121367931366 -0.030188165605068207 -0.10494982451200485 -0.9981083869934082 0.030653052031993866 0.05329295992851257 3.8258209228515625
16.07102 0.05364987999200821 0.026663556694984436 0.9982037544250488 0.9859071373939514 0.026711545884609222 0.9992474913597107 -0.02812708169221878 -0.1065734401345253 -0.9982025027275085 0.028172580525279045 0.05289727821946144 3.82850980758667
16.17474 0.05351513251662254 0.02549123764038086 0.998241662979126 1.0219236612319946 0.027499642223119736 0.9992572665214539 -0.02699141949415207 -0.10794180631637573 -0.998188316822052 0.02889573574066162 0.05277438089251518 3.830626964569092
16.27845 0.05361397936940193 0.02490496076643467 0.9982511401176453 1.0577820539474487 0.024782951921224594 0.9993478059768677 -0.026263361796736717 -0.10938151180744171 -0.998254120349884 0.026147687807679176 0.0529617965221405 3.8330981731414795
16.38209 0.05393292009830475 0.025235027074813843 0.9982256293296814 1.0939853191375732 0.023050885647535324 0.9993827939033508 -0.026509687304496765 -0.11088091135025024 -0.9982784390449524 0.024439726024866104 0.05331793799996376 3.8351027965545654
16.48571 0.05370761826634407 0.02587527222931385 0.9982213973999023 1.1294476985931396 0.020336132496595383 0.9994285106658936 -0.02700071409344673 -0.1122153252363205 -0.9983496069908142 0.021750109270215034 0.053150735795497894 3.8376989364624023
