2.073380999999999974e-01 9.999710321426391602e-01 -1.519491663202643394e-03 -7.460157852619886398e-03 -4.353462136350572109e-04 1.490745344199240208e-03 9.999914765357971191e-01 -3.857364179566502571e-03 -2.146184415323659778e-04 7.465955335646867752e-03 3.846131265163421631e-03 9.999647140502929688e-01 6.077548116445541382e-02
3.110751999999999962e-01 9.999347925186157227e-01 -1.653988147154450417e-03 -1.129864994436502457e-02 -1.036397763527929783e-03 1.595469424501061440e-03 9.999852776527404785e-01 -5.186314228922128677e-03 -3.914398839697241783e-04 1.130706164985895157e-02 5.167949479073286057e-03 9.999226927757263184e-01 9.224450588226318359e-02
4.146916999999999964e-01 9.998866319656372070e-01 -2.703619793464895338e-05 -1.505685131996870041e-02 -2.503951778635382652e-03 -5.680379763361997902e-05 9.999845027923583984e-01 -5.567773710936307907e-03 -8.200202137231826782e-04 1.505676843225955963e-02 5.567997694015502930e-03 9.998711347579956055e-01 1.224822551012039185e-01
5.184301999999999522e-01 9.997953176498413086e-01 -1.489414833486080170e-03 -2.017597667872905731e-02 -2.611487638205289841e-03 1.368123572319746017e-03 9.999809265136718750e-01 -6.024139467626810074e-03 -1.087108976207673550e-03 2.018456347286701202e-02 5.995303392410278320e-03 9.997782707214355469e-01 1.551215499639511108e-01
6.220447999999999533e-01 9.997218847274780273e-01 8.007145952433347702e-04 -2.356896735727787018e-02 -4.507699050009250641e-03 -9.736967040225863457e-04 9.999726414680480957e-01 -7.328839972615242004e-03 -1.308936858549714088e-03 2.356245554983615875e-02 7.349750492721796036e-03 9.996953606605529785e-01 1.877926290035247803e-01
7.257976999999999901e-01 9.995704293251037598e-01 3.699006512761116028e-03 -2.907259389758110046e-02 -5.924642086029052734e-03 -3.941058646887540817e-03 9.999580383300781250e-01 -8.272897452116012573e-03 -1.511443057097494602e-03 2.904077246785163879e-02 8.383921347558498383e-03 9.995430707931518555e-01 2.219735234975814819e-01
8.294198999999999877e-01 9.994146823883056641e-01 3.806749358773231506e-03 -3.399782255291938782e-02 -6.956852506846189499e-03 -4.047687631100416183e-03 9.999671578407287598e-01 -7.020862773060798645e-03 -1.631361199542880058e-03 3.396997973322868347e-02 7.154366001486778259e-03 9.993972182273864746e-01 2.562915086746215820e-01
9.331466999999999956e-01 9.992722272872924805e-01 2.649797592312097549e-03 -3.805308043956756592e-02 -8.662618696689605713e-03 -2.779852366074919701e-03 9.999904632568359375e-01 -3.365215845406055450e-03 -2.580778207629919052e-03 3.804380074143409729e-02 3.468548646196722984e-03 9.992700815200805664e-01 2.900725603103637695e-01
1.036909999999999998e+00 9.991408586502075195e-01 2.446637488901615143e-03 -4.137074202299118042e-02 -1.028333138674497604e-02 -2.498998306691646576e-03 9.999961256980895996e-01 -1.213981653563678265e-03 -2.545083640143275261e-03 4.136761277914047241e-02 1.316324109211564064e-03 9.991431236267089844e-01 3.249675929546356201e-01
1.140497000000000094e+00 9.990428090095520020e-01 4.214286338537931442e-03 -4.353927820920944214e-02 -1.235859096050262451e-02 -4.292130470275878906e-03 9.999893307685852051e-01 -1.694575999863445759e-03 -3.128693904727697372e-03 4.353167116641998291e-02 1.879830262623727322e-03 9.990502595901489258e-01 3.594599664211273193e-01
1.244242000000000070e+00 9.989434480667114258e-01 3.381635993719100952e-03 -4.583235457539558411e-02 -1.379180513322353363e-02 -3.463619621470570564e-03 9.999925494194030762e-01 -1.709474250674247742e-03 -3.484925488010048866e-03 4.582623019814491272e-02 1.866413862444460392e-03 9.989476799964904785e-01 3.941513597965240479e-01
1.347979000000000038e+00 9.988809227943420410e-01 3.312481567263603210e-04 -4.729436337947845459e-02 -1.535955630242824554e-02 -4.345154738985002041e-04 9.999975562095642090e-01 -2.173237036913633347e-03 -3.814700525254011154e-03 4.729352891445159912e-02 2.191355219110846519e-03 9.988786578178405762e-01 4.292989671230316162e-01
1.451596000000000108e+00 9.987399578094482422e-01 2.366670669289305806e-04 -5.018364638090133667e-02 -1.677029207348823547e-02 -3.167534305248409510e-04 9.999986886978149414e-01 -1.587919192388653755e-03 -3.891255939379334450e-03 5.018320307135581970e-02 1.601814175955951214e-03 9.987387657165527344e-01 4.645801186561584473e-01
1.555212000000000039e+00 9.986836910247802734e-01 -1.547858468256890774e-03 -5.126889050006866455e-02 -1.910953968763351440e-02 1.453879522159695625e-03 9.999971985816955566e-01 -1.870304113253951073e-03 -4.211458377540111542e-03 5.127164348959922791e-02 1.793303410522639751e-03 9.986831545829772949e-01 5.011003613471984863e-01
1.658959999999999990e+00 9.985570311546325684e-01 3.878358402289450169e-04 -5.370026454329490662e-02 -2.108144015073776245e-02 -5.789405549876391888e-04 9.999935626983642578e-01 -3.543219529092311859e-03 -5.013639107346534729e-03 5.369854345917701721e-02 3.569195978343486786e-03 9.985508322715759277e-01 5.374238491058349609e-01
1.762569000000000052e+00 9.984697699546813965e-01 8.852516766637563705e-04 -5.529363080859184265e-02 -2.323939837515354156e-02 -1.234046998433768749e-03 9.999795556068420410e-01 -6.274232175201177597e-03 -5.313072819262742996e-03 5.528694391250610352e-02 6.332865916192531586e-03 9.984503984451293945e-01 5.742866396903991699e-01
1.866301999999999905e+00 9.983309507369995117e-01 4.983466584235429764e-03 -5.753639340400695801e-02 -2.560466341674327850e-02 -5.480239167809486389e-03 9.999490380287170410e-01 -8.479502052068710327e-03 -5.571480374783277512e-03 5.749120190739631653e-02 8.780662901699542999e-03 9.983074069023132324e-01 6.115563511848449707e-01
1.969923000000000091e+00 9.982362985610961914e-01 5.627706181257963181e-03 -5.909837037324905396e-02 -2.768257446587085724e-02 -6.093449424952268600e-03 9.999517798423767090e-01 -7.703552953898906708e-03 -6.212115287780761719e-03 5.905216559767723083e-02 8.050079457461833954e-03 9.982224106788635254e-01 6.490548253059387207e-01
2.073665999999999787e+00 9.981532692909240723e-01 4.747019149363040924e-03 -6.056024506688117981e-02 -3.009728342294692993e-02 -5.108561832457780838e-03 9.999700188636779785e-01 -5.816529039293527603e-03 -7.033325731754302979e-03 6.053081899881362915e-02 6.115163210779428482e-03 9.981476068496704102e-01 6.865871548652648926e-01
2.177280999999999800e+00 9.980659484863281250e-01 5.675971973687410355e-03 -6.190411746501922607e-02 -3.237217664718627930e-02 -5.980791989713907242e-03 9.999708533287048340e-01 -4.739884287118911743e-03 -7.397731766104698181e-03 6.187541037797927856e-02 5.100952927023172379e-03 9.980708360671997070e-01 7.219987511634826660e-01
2.281016999999999850e+00 9.980205893516540527e-01 4.999510012567043304e-03 -6.268917769193649292e-02 -3.513678908348083496e-02 -5.261159967631101608e-03 9.999781250953674316e-01 -4.009386058896780014e-03 -8.244673721492290497e-03 6.266775727272033691e-02 4.331267438828945160e-03 9.980250597000122070e-01 7.601439356803894043e-01
2.384638999999999953e+00 9.978939294815063477e-01 4.484564997255802155e-03 -6.471148133277893066e-02 -3.733267635107040405e-02 -4.808592144399881363e-03 9.999766945838928223e-01 -4.852377809584140778e-03 -8.600846864283084869e-03 6.468821316957473755e-02 5.153329111635684967e-03 9.978922009468078613e-01 7.981631159782409668e-01
2.488249999999999851e+00 9.978038072586059570e-01 3.136506071314215660e-03 -6.616397947072982788e-02 -3.941947966814041138e-02 -3.503529354929924011e-03 9.999791383743286133e-01 -5.431875120848417282e-03 -9.305313229560852051e-03 6.614556163549423218e-02 5.651753395795822144e-03 9.977939724922180176e-01 8.368620276451110840e-01
2.591988000000000181e+00 9.977383017539978027e-01 3.175586462020874023e-03 -6.714284420013427734e-02 -4.209478572010993958e-02 -3.415906336158514023e-03 9.999881386756896973e-01 -3.464727895334362984e-03 -9.764311835169792175e-03 6.713104993104934692e-02 3.686245298013091087e-03 9.977373480796813965e-01 8.757613897323608398e-01
2.695831999999999784e+00 9.977180361747741699e-01 3.685908392071723938e-03 -6.741744279861450195e-02 -4.467702656984329224e-02 -3.679808927699923515e-03 9.999932050704956055e-01 2.146562328562140465e-04 -1.038379967212677002e-02 6.741777807474136353e-02 3.391690916032530367e-05 9.977248311042785645e-01 9.152079820632934570e-01
2.799367000000000161e+00 9.977744817733764648e-01 5.709761288017034531e-03 -6.643428653478622437e-02 -4.752552509307861328e-02 -5.500981584191322327e-03 9.999793171882629395e-01 3.325158031657338142e-03 -1.087348815053701401e-02 6.645189970731735229e-02 -2.952303970232605934e-03 9.977852702140808105e-01 9.547992944717407227e-01
2.903084000000000220e+00 9.978759288787841797e-01 4.748859442770481110e-03 -6.497026979923248291e-02 -5.012496933341026306e-02 -4.402456805109977722e-03 9.999753236770629883e-01 5.473839584738016129e-03 -1.068872027099132538e-02 6.499466300010681152e-02 -5.176183767616748810e-03 9.978721737861633301e-01 9.942155480384826660e-01
3.006768000000000107e+00 9.979953765869140625e-01 4.553916864097118378e-03 -6.312307715415954590e-02 -5.303838104009628296e-02 -4.146448802202939987e-03 9.999697208404541016e-01 6.584632676094770432e-03 -1.110098324716091156e-02 6.315115094184875488e-02 -6.309696473181247711e-03 9.979840517044067383e-01 1.033930540084838867e+00
3.110440999999999789e+00 9.980704188346862793e-01 4.972723312675952911e-03 -6.189244240522384644e-02 -5.550906434655189514e-02 -4.794795997440814972e-03 9.999839067459106445e-01 3.022979712113738060e-03 -1.113666500896215439e-02 6.190647929906845093e-02 -2.720385091379284859e-03 9.980782270431518555e-01 1.073407411575317383e+00
3.214056999999999942e+00 9.981460571289062500e-01 5.834043025970458984e-03 -6.058354303240776062e-02 -5.833552032709121704e-02 -5.986198782920837402e-03 9.999793767929077148e-01 -2.330311108380556107e-03 -1.109302416443824768e-02 6.056869775056838989e-02 2.688656095415353775e-03 9.981604218482971191e-01 1.112963199615478516e+00
3.317668999999999979e+00 9.982383251190185547e-01 5.057680420577526093e-03 -5.911582708358764648e-02 -6.094922870397567749e-02 -5.364176817238330841e-03 9.999729990959167480e-01 -5.027134437114000320e-03 -1.150707621127367020e-02 5.908880382776260376e-02 5.335385911166667938e-03 9.982384443283081055e-01 1.153033137321472168e+00
3.421285000000000132e+00 9.983096718788146973e-01 3.019526368007063866e-03 -5.804071202874183655e-02 -6.332851201295852661e-02 -3.236185060814023018e-03 9.999881386756896973e-01 -3.639241447672247887e-03 -1.220731344074010849e-02 5.802903696894645691e-02 3.820920363068580627e-03 9.983075857162475586e-01 1.193775534629821777e+00
3.524925000000000086e+00 9.982973337173461914e-01 1.301500480622053146e-03 -5.831598117947578430e-02 -6.552065163850784302e-02 -1.223755651153624058e-03 9.999983310699462891e-01 1.368857221677899361e-03 -1.275025401264429092e-02 5.831766501069068909e-02 -1.295162015594542027e-03 9.982972145080566406e-01 1.234712600708007812e+00
3.628544999999999909e+00 9.982351660728454590e-01 -2.461724681779742241e-03 -5.933374539017677307e-02 -6.785818934440612793e-02 2.713584341108798981e-03 9.999876618385314941e-01 4.164591897279024124e-03 -1.285133883357048035e-02 5.932275950908660889e-02 -4.318249411880970001e-03 9.982295036315917969e-01 1.276368856430053711e+00
3.732256000000000018e+00 9.981296062469482422e-01 -9.019506163895130157e-03 -6.046435609459877014e-02 -6.977096945047378540e-02 9.250621311366558075e-03 9.999509453773498535e-01 3.543501487001776695e-03 -1.340358890593051910e-02 6.042942777276039124e-02 -4.096206743270158768e-03 9.981640577316284180e-01 1.317223906517028809e+00
3.835871000000000031e+00 9.980165958404541016e-01 -1.057137362658977509e-02 -6.205700337886810303e-02 -7.196643203496932983e-02 1.057129073888063431e-02 9.999440908432006836e-01 -3.296781505923718214e-04 -1.379130873829126358e-02 6.205701828002929688e-02 -3.269983280915766954e-04 9.980725646018981934e-01 1.358373761177062988e+00
3.939487999999999879e+00 9.979074597358703613e-01 -1.078264415264129639e-02 -6.375252455472946167e-02 -7.442463189363479614e-02 1.051605120301246643e-02 9.999344944953918457e-01 -4.515775013715028763e-03 -1.385405659675598145e-02 6.379704177379608154e-02 3.835900919511914253e-03 9.979555010795593262e-01 1.399928331375122070e+00
4.043107000000000006e+00 9.977666139602661133e-01 -9.328180924057960510e-03 -6.614221632480621338e-02 -7.717226445674896240e-02 9.009790606796741486e-03 9.999463558197021484e-01 -5.110378842800855637e-03 -1.445948332548141479e-02 6.618633866310119629e-02 4.503037780523300171e-03 9.977971315383911133e-01 1.441917061805725098e+00
4.146887999999999685e+00 9.977263212203979492e-01 -9.030546061694622040e-03 -6.678802520036697388e-02 -7.995685935020446777e-02 8.791980333626270294e-03 9.999538660049438477e-01 -3.865054110065102577e-03 -1.503959484398365021e-02 6.681985408067703247e-02 3.269067034125328064e-03 9.977596998214721680e-01 1.483546853065490723e+00
4.250460000000000349e+00 9.976891875267028809e-01 -6.294509861618280411e-03 -6.765076518058776855e-02 -8.305164426565170288e-02 6.230206694453954697e-03 9.999799132347106934e-01 -1.161453430540859699e-03 -1.541554369032382965e-02 6.765671819448471069e-02 7.372912950813770294e-04 9.977083802223205566e-01 1.525033473968505859e+00
4.354201999999999906e+00 9.975681900978088379e-01 -6.012496538460254669e-03 -6.943747401237487793e-02 -8.572076261043548584e-02 5.997098982334136963e-03 9.999819397926330566e-01 -4.302130546420812607e-04 -1.550943683832883835e-02 6.943880766630172729e-02 1.274346777790924534e-05 9.975861907005310059e-01 1.567357063293457031e+00
4.457939999999999792e+00 9.975408911705017090e-01 -4.255049396306276321e-03 -6.995795667171478271e-02 -8.958745002746582031e-02 4.424924496561288834e-03 9.999876022338867188e-01 2.273450139909982681e-03 -1.614963822066783905e-02 6.994741410017013550e-02 -2.577417995780706406e-03 9.975473284721374512e-01 1.609298944473266602e+00
4.561558999999999919e+00 9.975000023841857910e-01 -4.977828823029994965e-03 -7.049059122800827026e-02 -9.231856465339660645e-02 5.395438987761735916e-03 9.999690055847167969e-01 5.735176149755716324e-03 -1.680181361734867096e-02 7.045985758304595947e-02 -6.101165898144245148e-03 9.974959492683410645e-01 1.651916027069091797e+00
4.665293000000000134e+00 9.975216984748840332e-01 1.280550262890756130e-03 -7.034807652235031128e-02 -9.613685309886932373e-02 -7.196685764938592911e-04 9.999677538871765137e-01 7.997716777026653290e-03 -1.697731763124465942e-02 7.035604864358901978e-02 -7.927268743515014648e-03 9.974904656410217285e-01 1.694972038269042969e+00
4.768912000000000262e+00 9.975360631942749023e-01 1.280110096558928490e-03 -7.014359533786773682e-02 -9.897873550653457642e-02 -7.661199197173118591e-04 9.999726414680480957e-01 7.354098372161388397e-03 -1.720901206135749817e-02 7.015109062194824219e-02 -7.282239850610494614e-03 9.975097775459289551e-01 1.736320734024047852e+00
4.872531999999999641e+00 9.974808096885681152e-01 1.012105145491659641e-03 -7.092930376529693604e-02 -1.011865213513374329e-01 -5.931799532845616341e-04 9.999822378158569336e-01 5.927049554884433746e-03 -1.754954457283020020e-02 7.093404978513717651e-02 -5.870044231414794922e-03 9.974637627601623535e-01 1.777800679206848145e+00
4.976145999999999958e+00 9.975110292434692383e-01 3.857071744278073311e-03 -7.040505856275558472e-02 -1.052397415041923523e-01 -3.627554513514041901e-03 9.999876618385314941e-01 3.387519856914877892e-03 -1.777319423854351044e-02 7.041725516319274902e-02 -3.123690374195575714e-03 9.975127577781677246e-01 1.821166872978210449e+00
5.079908999999999786e+00 9.974386692047119141e-01 3.496754216030240059e-03 -7.144118100404739380e-02 -1.085273325443267822e-01 -3.237020689994096756e-03 9.999877214431762695e-01 3.751078154891729355e-03 -1.850599050521850586e-02 7.145342230796813965e-02 -3.510213922709226608e-03 9.974377751350402832e-01 1.862687230110168457e+00
5.183502999999999972e+00 9.973244667053222656e-01 1.823557191528379917e-03 -7.307960093021392822e-02 -1.112954840064048767e-01 -1.501851016655564308e-03 9.999889135360717773e-01 4.456842783838510513e-03 -1.859586685895919800e-02 7.308692485094070435e-02 -4.335163626819849014e-03 9.973161816596984863e-01 1.903958559036254883e+00
5.287117000000000289e+00 9.972303509712219238e-01 2.032956806942820549e-03 -7.434748113155364990e-02 -1.142124980688095093e-01 -1.624399563297629356e-03 9.999832510948181152e-01 5.555295385420322418e-03 -1.896421611309051514e-02 7.435753196477890015e-02 -5.419138818979263306e-03 9.972169399261474609e-01 1.945435643196105957e+00
5.390861000000000125e+00 9.972102642059326172e-01 4.635618999600410461e-03 -7.449936866760253906e-02 -1.175209134817123413e-01 -4.505280870944261551e-03 9.999880194664001465e-01 1.917475601658225060e-03 -1.929040439426898956e-02 7.450737059116363525e-02 -1.576485810801386833e-03 9.972192049026489258e-01 1.986182689666748047e+00
5.494473000000000162e+00 9.971632957458496094e-01 4.589122254401445389e-03 -7.512862980365753174e-02 -1.209184080362319946e-01 -4.761443939059972763e-03 9.999864101409912109e-01 -2.114732749760150909e-03 -1.969485357403755188e-02 7.511790841817855835e-02 2.466454403474926949e-03 9.971715807914733887e-01 2.026647806167602539e+00
5.598232999999999571e+00 9.971212744712829590e-01 5.323637276887893677e-03 -7.563617825508117676e-02 -1.243574619293212891e-01 -5.609667859971523285e-03 9.999778866767883301e-01 -3.569714259356260300e-03 -2.003753185272216797e-02 7.561550289392471313e-02 3.983731847256422043e-03 9.971290826797485352e-01 2.067691564559936523e+00
5.701829000000000036e+00 9.971291422843933105e-01 3.985716495662927628e-03 -7.561456412076950073e-02 -1.271885931491851807e-01 -3.983009606599807739e-03 9.999920725822448730e-01 1.866027159849181771e-04 -2.065353840589523315e-02 7.561470568180084229e-02 1.151065152953378856e-04 9.971371293067932129e-01 2.107985019683837891e+00
5.805570999999999593e+00 9.971292614936828613e-01 3.160239430144429207e-03 -7.565221935510635376e-02 -1.305629760026931763e-01 -2.950761001557111740e-03 9.999914765357971191e-01 2.880579326301813126e-03 -2.092814445495605469e-02 7.566068321466445923e-02 -2.649078378453850746e-03 9.971300959587097168e-01 2.148453712463378906e+00
5.909184999999999910e+00 9.971112012863159180e-01 6.814124644733965397e-04 -7.595226913690567017e-02 -1.330935955047607422e-01 -3.723693371284753084e-04 9.999915957450866699e-01 4.082999657839536667e-03 -2.166164480149745941e-02 7.595441490411758423e-02 -4.042922519147396088e-03 9.971030950546264648e-01 2.187934160232543945e+00
6.012921000000000404e+00 9.970738291740417480e-01 -2.512852661311626434e-03 -7.640305161476135254e-02 -1.358035355806350708e-01 2.730899257585406303e-03 9.999924898147583008e-01 2.749555977061390877e-03 -2.205915749073028564e-02 7.639557123184204102e-02 -2.950159600004553795e-03 9.970732331275939941e-01 2.227777481079101562e+00
6.116540999999999784e+00 9.970698952674865723e-01 -4.752922337502241135e-03 -7.634806632995605469e-02 -1.390745490789413452e-01 4.888563882559537888e-03 9.999867677688598633e-01 1.589830382727086544e-03 -2.257320098578929901e-02 7.633950561285018921e-02 -1.958404434844851494e-03 9.970799684524536133e-01 2.267646551132202148e+00
6.220278000000000418e+00 9.969314336776733398e-01 -6.318498402833938599e-03 -7.802429795265197754e-02 -1.414343267679214478e-01 6.551505532115697861e-03 9.999747872352600098e-01 2.730720676481723785e-03 -2.306466922163963318e-02 7.800507545471191406e-02 -3.233517985790967941e-03 9.969477057456970215e-01 2.306902885437011719e+00
6.323895000000000266e+00 9.968584179878234863e-01 -9.729376994073390961e-03 -7.860457152128219604e-02 -1.446975022554397583e-01 1.026547979563474655e-02 9.999266862869262695e-01 6.419038400053977966e-03 -2.299564890563488007e-02 7.853636145591735840e-02 -7.205786183476448059e-03 9.968851804733276367e-01 2.346014976501464844e+00
6.427659000000000233e+00 9.967918395996093750e-01 -1.037063729017972946e-02 -7.936291396617889404e-02 -1.479141116142272949e-01 1.135657262057065964e-02 9.998637437820434570e-01 1.198185235261917114e-02 -2.354849316179752350e-02 7.922783493995666504e-02 -1.284470316022634506e-02 9.967737793922424316e-01 2.386403799057006836e+00
6.531382999999999939e+00 9.967872500419616699e-01 -8.762408047914505005e-03 -7.961400598287582397e-02 -1.514820754528045654e-01 9.887335821986198425e-03 9.998566508293151855e-01 1.374655775725841522e-02 -2.343152463436126709e-02 7.948213815689086914e-02 -1.448956411331892014e-02 9.967309832572937012e-01 2.425494909286499023e+00
6.634991999999999557e+00 9.967491626739501953e-01 -6.868625059723854065e-03 -8.027432113885879517e-02 -1.548643708229064941e-01 7.705074734985828400e-03 9.999191761016845703e-01 1.011477876454591751e-02 -2.397358044981956482e-02 8.019835501909255981e-02 -1.070041675120592117e-02 9.967215061187744141e-01 2.464928865432739258e+00
6.738741000000000092e+00 9.967067241668701172e-01 -4.970501642674207687e-03 -8.093800395727157593e-02 -1.583356708288192749e-01 5.172950215637683868e-03 9.999839663505554199e-01 2.291782526299357414e-03 -2.410206012427806854e-02 8.092531561851501465e-02 -2.702923258766531944e-03 9.967164993286132812e-01 2.502902746200561523e+00
6.842349999999999710e+00 9.966157674789428711e-01 -3.606427693739533424e-03 -8.212158083915710449e-02 -1.611180454492568970e-01 3.411212237551808357e-03 9.999909996986389160e-01 -2.517332322895526886e-03 -2.465123124420642853e-02 8.212992548942565918e-02 2.228679135441780090e-03 9.966191649436950684e-01 2.540906429290771484e+00
6.945962999999999887e+00 9.965439438819885254e-01 6.146244122646749020e-04 -8.306532353162765503e-02 -1.648553907871246338e-01 -7.457212195731699467e-04 9.999985098838806152e-01 -1.547221560031175613e-03 -2.497075311839580536e-02 8.306425064802169800e-02 1.603817800059914589e-03 9.965429306030273438e-01 2.578595161437988281e+00
7.049705000000000332e+00 9.964537024497985840e-01 3.562763333320617676e-03 -8.406718075275421143e-02 -1.681045293807983398e-01 -3.476377576589584351e-03 9.999932646751403809e-01 1.173942931927740574e-03 -2.603341825306415558e-02 8.407080173492431641e-02 -8.775305468589067459e-04 9.964594244956970215e-01 2.616337060928344727e+00
7.153323000000000320e+00 9.963563680648803711e-01 5.793285090476274490e-03 -8.509100973606109619e-02 -1.716781854629516602e-01 -5.584714468568563461e-03 9.999808073043823242e-01 2.688979031518101692e-03 -2.636392414569854736e-02 8.510495722293853760e-02 -2.203972311690449715e-03 9.963695406913757324e-01 2.655694007873535156e+00
7.256934000000000218e+00 9.962679743766784668e-01 7.149424403905868530e-03 -8.601757138967514038e-02 -1.747484505176544189e-01 -6.984505802392959595e-03 9.999731183052062988e-01 2.218073233962059021e-03 -2.681494876742362976e-02 8.603111654520034790e-02 -1.609005150385200977e-03 9.962911605834960938e-01 2.691644430160522461e+00
7.360548999999999786e+00 9.960871338844299316e-01 9.123964235186576843e-03 -8.790462464094161987e-02 -1.781470626592636108e-01 -8.869380690157413483e-03 9.999552369117736816e-01 3.286299295723438263e-03 -2.743381448090076447e-02 8.793067187070846558e-02 -2.493781037628650665e-03 9.961234927177429199e-01 2.727253437042236328e+00
7.464166999999999774e+00 9.960084557533264160e-01 1.064215414226055145e-02 -8.862219750881195068e-02 -1.821199357509613037e-01 -1.033037342131137848e-02 9.999387264251708984e-01 3.976016771048307419e-03 -2.818333357572555542e-02 8.865907788276672363e-02 -3.044645767658948898e-03 9.960573911666870117e-01 2.762233018875122070e+00
7.567785999999999902e+00 9.958844184875488281e-01 1.079001463949680328e-02 -8.998775482177734375e-02 -1.855894923210144043e-01 -1.045524887740612030e-02 9.999365806579589844e-01 4.190697334706783295e-03 -2.858663350343704224e-02 9.002726525068283081e-02 -3.232605988159775734e-03 9.959340691566467285e-01 2.797473669052124023e+00
7.671395999999999660e+00 9.957554936408996582e-01 9.338865056633949280e-03 -9.156274795532226562e-02 -1.881322562694549561e-01 -8.866124786436557770e-03 9.999451637268066406e-01 5.568426568061113358e-03 -2.868142351508140564e-02 9.160973131656646729e-02 -4.732984583824872971e-03 9.957837462425231934e-01 2.830677986145019531e+00
7.775144000000000055e+00 9.956263899803161621e-01 1.235808618366718292e-02 -9.260352700948715210e-02 -1.917263269424438477e-01 -1.164993830025196075e-02 9.998986721038818359e-01 8.183797821402549744e-03 -2.887439168989658356e-02 9.269527345895767212e-02 -7.069179788231849670e-03 9.956694245338439941e-01 2.864020109176635742e+00
7.878753999999999813e+00 9.955018162727355957e-01 1.396603509783744812e-02 -9.370717406272888184e-02 -1.948784887790679932e-01 -1.286405324935913086e-02 9.998409152030944824e-01 1.235363911837339401e-02 -2.924015372991561890e-02 9.386480599641799927e-02 -1.109261624515056610e-02 9.955231547355651855e-01 2.897064447402954102e+00
7.982492999999999839e+00 9.952921867370605469e-01 1.759564504027366638e-02 -9.530919790267944336e-02 -1.982196271419525146e-01 -1.632527261972427368e-02 9.997674226760864258e-01 1.409242209047079086e-02 -2.944158762693405151e-02 9.553499519824981689e-02 -1.247012894600629807e-02 9.953479766845703125e-01 2.928766965866088867e+00
8.086111000000000715e+00 9.951428174972534180e-01 1.982469484210014343e-02 -9.642489254474639893e-02 -2.018977999687194824e-01 -1.894589699804782867e-02 9.997702836990356445e-01 1.002094149589538574e-02 -2.988184615969657898e-02 9.660140424966812134e-02 -8.145412430167198181e-03 9.952898025512695312e-01 2.960427045822143555e+00
8.189849000000000601e+00 9.950718879699707031e-01 1.922030188143253326e-02 -9.727541357278823853e-02 -2.057974636554718018e-01 -1.906235702335834503e-02 9.998150467872619629e-01 2.552861580625176430e-03 -2.985753491520881653e-02 9.730648249387741089e-02 -6.859821151010692120e-04 9.952542185783386230e-01 2.990964651107788086e+00
8.293469999999999231e+00 9.949142336845397949e-01 1.855653151869773865e-02 -9.900164604187011719e-02 -2.084168493747711182e-01 -1.898455992341041565e-02 9.998140335083007812e-01 -3.383041592314839363e-03 -3.011397644877433777e-02 9.892045706510543823e-02 5.245338659733533859e-03 9.950815439224243164e-01 3.020537853240966797e+00
8.397102000000000288e+00 9.948146939277648926e-01 1.918863877654075623e-02 -9.987781196832656860e-02 -2.112565636634826660e-01 -1.971576735377311707e-02 9.997963905334472656e-01 -4.293276928365230560e-03 -3.069950267672538757e-02 9.977509826421737671e-02 6.240182556211948395e-03 9.949904680252075195e-01 3.050397634506225586e+00
8.500847000000000264e+00 9.946557283401489258e-01 2.207823842763900757e-02 -1.008591130375862122e-01 -2.142227292060852051e-01 -2.222424186766147614e-02 9.997529387474060059e-01 -3.240667283535003662e-04 -3.155382350087165833e-02 1.008270382881164551e-01 2.563852118328213692e-03 9.949006438255310059e-01 3.078638792037963867e+00
8.604438000000000031e+00 9.945905208587646484e-01 2.223161235451698303e-02 -1.014667302370071411e-01 -2.179923951625823975e-01 -2.223396673798561096e-02 9.997521638870239258e-01 1.107864081859588623e-03 -3.137873485684394836e-02 1.014662161469459534e-01 1.154136843979358673e-03 9.948382973670959473e-01 3.105962753295898438e+00
8.708175000000000665e+00 9.945807456970214844e-01 1.915293745696544647e-02 -1.021874919533729553e-01 -2.208545953035354614e-01 -1.946017146110534668e-02 9.998086094856262207e-01 -2.010433468967676163e-03 -3.200922906398773193e-02 1.021294295787811279e-01 3.988124430179595947e-03 9.947631359100341797e-01 3.132572889328002930e+00
8.811795000000000044e+00 9.946256279945373535e-01 1.120726950466632843e-02 -1.029284894466400146e-01 -2.222326993942260742e-01 -1.202027965337038040e-02 9.999012351036071777e-01 -7.281902711838483810e-03 -3.248558938503265381e-02 1.028367131948471069e-01 8.479995653033256531e-03 9.946621060371398926e-01 3.158428192138671875e+00
8.915402999999999523e+00 9.948015213012695312e-01 7.223725784569978714e-03 -1.015764847397804260e-01 -2.249347865581512451e-01 -8.528674952685832977e-03 9.998865127563476562e-01 -1.241855137050151825e-02 -3.283511102199554443e-02 1.014752462506294250e-01 1.322030648589134216e-02 9.947502017021179199e-01 3.183332920074462891e+00
9.019161999999999679e+00 9.951118230819702148e-01 9.558128193020820618e-03 -9.829096496105194092e-02 -2.276515066623687744e-01 -1.082850806415081024e-02 9.998645186424255371e-01 -1.239934284240007401e-02 -3.355588391423225403e-02 9.815913438796997070e-02 1.340307667851448059e-02 9.950804710388183594e-01 3.207625389099121094e+00
9.122889999999999944e+00 9.954703450202941895e-01 1.388144493103027344e-02 -9.405379742383956909e-02 -2.301203906536102295e-01 -1.482616085559129715e-02 9.998463392257690430e-01 -9.353065863251686096e-03 -3.407581895589828491e-02 9.390950947999954224e-02 1.070515625178813934e-02 9.955231547355651855e-01 3.230334997177124023e+00
9.226511999999999603e+00 9.959396719932556152e-01 1.280750054866075516e-02 -8.910761773586273193e-02 -2.326576113700866699e-01 -1.343804970383644104e-02 9.998887181282043457e-01 -6.479935720562934875e-03 -3.449048474431037903e-02 8.901470899581909180e-02 7.651057094335556030e-03 9.960009455680847168e-01 3.253812313079833984e+00
9.330246999999999957e+00 9.964879751205444336e-01 9.128876030445098877e-03 -8.323660492897033691e-02 -2.339377701282501221e-01 -9.336384013295173645e-03 9.999542236328125000e-01 -2.104084007441997528e-03 -3.503886237740516663e-02 8.321358263492584229e-02 2.873823279514908791e-03 9.965276122093200684e-01 3.276033639907836914e+00
9.433986000000000871e+00 9.971742630004882812e-01 4.661153070628643036e-03 -7.497864961624145508e-02 -2.353521138429641724e-01 -4.550978541374206543e-03 9.999883174896240234e-01 1.640197588130831718e-03 -3.579832985997200012e-02 7.498542219400405884e-02 -1.294336514547467232e-03 9.971837997436523438e-01 3.298370361328125000e+00
9.537748999999999810e+00 9.979163408279418945e-01 7.899451069533824921e-03 -6.403547525405883789e-02 -2.370233982801437378e-01 -7.872049696743488312e-03 9.999687671661376953e-01 6.802140851505100727e-04 -3.558996319770812988e-02 6.403885036706924438e-02 -1.747063361108303070e-04 9.979473948478698730e-01 3.320160150527954102e+00
9.641586999999999463e+00 9.987078905105590820e-01 1.311910897493362427e-02 -4.909632354974746704e-02 -2.378962934017181396e-01 -1.311364118009805679e-02 9.999139308929443359e-01 4.334970726631581783e-04 -3.627136722207069397e-02 4.909778758883476257e-02 2.108946355292573571e-04 9.987939596176147461e-01 3.341356515884399414e+00
9.745342000000000837e+00 9.993380904197692871e-01 1.843018829822540283e-02 -3.136476874351501465e-02 -2.380366474390029907e-01 -1.838358677923679352e-02 9.998294115066528320e-01 1.773516647517681122e-03 -3.698368370532989502e-02 3.139210492372512817e-02 -1.195745775476098061e-03 9.995064139366149902e-01 3.361678600311279297e+00
9.849228999999999346e+00 9.998092055320739746e-01 1.730424351990222931e-02 -9.059923700988292694e-03 -2.377118617296218872e-01 -1.729061082005500793e-02 9.998492598533630371e-01 1.581012504175305367e-03 -3.682847693562507629e-02 9.085915982723236084e-03 -1.424059271812438965e-03 9.999576807022094727e-01 3.381770849227905273e+00
9.953058999999999656e+00 9.997594356536865234e-01 1.356124226003885269e-02 1.723762042820453644e-02 -2.365696579217910767e-01 -1.360640488564968109e-02 9.999042749404907227e-01 2.505413722246885300e-03 -3.713288903236389160e-02 -1.720199547708034515e-02 -2.739353105425834656e-03 9.998483061790466309e-01 3.401748657226562500e+00
1.005692999999999948e+01 9.988208413124084473e-01 1.245455350726842880e-02 4.692317917943000793e-02 -2.349005788564682007e-01 -1.266951113939285278e-02 9.999105334281921387e-01 4.286419600248336792e-03 -3.770260885357856750e-02 -4.686559364199638367e-02 -4.875859245657920837e-03 9.988893270492553711e-01 3.420742511749267578e+00
1.016083000000000069e+01 9.967328906059265137e-01 1.199458446353673935e-02 7.987291365861892700e-02 -2.327091097831726074e-01 -1.250672247260808945e-02 9.999042749404907227e-01 5.914714653044939041e-03 -3.814053535461425781e-02 -7.979432493448257446e-02 -6.894338876008987427e-03 9.967874884605407715e-01 3.439898490905761719e+00
1.026465999999999923e+01 9.930456876754760742e-01 1.179575826972723007e-02 1.171371489763259888e-01 -2.295142114162445068e-01 -1.265650428831577301e-02 9.998980760574340820e-01 6.607051938772201538e-03 -3.857592493295669556e-02 -1.170472726225852966e-01 -8.043651469051837921e-03 9.930937886238098145e-01 3.458224296569824219e+00
1.036866999999999983e+01 9.872643947601318359e-01 1.208712160587310791e-02 1.586283445358276367e-01 -2.257889509201049805e-01 -1.325110532343387604e-02 9.998924732208251953e-01 6.282118149101734161e-03 -3.862778842449188232e-02 -1.585353612899780273e-01 -8.304112590849399567e-03 9.873183965682983398e-01 3.476639032363891602e+00
1.047264000000000017e+01 9.789351224899291992e-01 1.208403892815113068e-02 2.038135230541229248e-01 -2.213069200515747070e-01 -1.348919793963432312e-02 9.998938441276550293e-01 5.506476853042840958e-03 -3.862465173006057739e-02 -2.037253528833389282e-01 -8.139764890074729919e-03 9.789942502975463867e-01 3.494409084320068359e+00
1.057662999999999975e+01 9.673860073089599609e-01 1.445756480097770691e-02 2.528938949108123779e-01 -2.161412835121154785e-01 -1.584848389029502869e-02 9.998683929443359375e-01 3.463663626462221146e-03 -3.903185203671455383e-02 -2.528105378150939941e-01 -7.358684670180082321e-03 9.674878120422363281e-01 3.511105775833129883e+00
1.068061999999999934e+01 9.520998597145080566e-01 1.515339873731136322e-02 3.054116070270538330e-01 -2.094475030899047852e-01 -1.620914041996002197e-02 9.998682141304016113e-01 9.211112046614289284e-04 -3.970937803387641907e-02 -3.053573966026306152e-01 -5.827449727803468704e-03 9.522199630737304688e-01 3.527041673660278320e+00
1.078461000000000070e+01 9.324294328689575195e-01 1.546570193022489548e-02 3.610210716724395752e-01 -2.018901109695434570e-01 -1.609884202480316162e-02 9.998696446418762207e-01 -1.253809430636465549e-03 -4.011476039886474609e-02 -3.609933853149414062e-01 -4.642932675778865814e-03 9.325568079948425293e-01 3.542465209960937500e+00
1.088874999999999993e+01 9.081171751022338867e-01 1.651179790496826172e-02 4.183904230594635010e-01 -1.938389539718627930e-01 -1.660146005451679230e-02 9.998562932014465332e-01 -3.425873816013336182e-03 -4.025956615805625916e-02 -4.183868765830993652e-01 -3.834797302260994911e-03 9.082608222961425781e-01 3.556849956512451172e+00
1.099272000000000027e+01 8.792355060577392578e-01 1.645527780055999756e-02 4.761030972003936768e-01 -1.845276355743408203e-01 -1.570367999374866486e-02 9.998612403869628906e-01 -5.557119380682706833e-03 -4.055842012166976929e-02 -4.761284887790679932e-01 -2.590554067865014076e-03 8.793718814849853516e-01 3.570646047592163086e+00
1.109659000000000084e+01 8.459872603416442871e-01 1.548185944557189941e-02 5.329782962799072266e-01 -1.742932796478271484e-01 -1.325631327927112579e-02 9.998801350593566895e-01 -8.002823218703269958e-03 -4.085128009319305420e-02 -5.330383181571960449e-01 -2.950407797470688820e-04 8.460910320281982422e-01 3.583499193191528320e+00
1.120057000000000080e+01 8.089594244956970215e-01 1.514473836869001389e-02 5.876693725585937500e-01 -1.636432409286499023e-01 -1.211326662451028824e-02 9.998852610588073730e-01 -9.093308821320533752e-03 -4.142628610134124756e-02 -5.877397060394287109e-01 2.375217300141230226e-04 8.090500235557556152e-01 3.595611095428466797e+00
1.130430999999999919e+01 7.689750194549560547e-01 1.351585797965526581e-02 6.391359567642211914e-01 -1.519078016281127930e-01 -1.077268738299608231e-02 9.999085068702697754e-01 -8.184007368981838226e-03 -4.194793850183486938e-02 -6.391880512237548828e-01 -5.919146351516246796e-04 7.690502405166625977e-01 3.607197284698486328e+00
1.140817999999999977e+01 7.265504598617553711e-01 1.309932209551334381e-02 6.869882345199584961e-01 -1.392633914947509766e-01 -1.206072047352790833e-02 9.999073743820190430e-01 -6.310714408755302429e-03 -4.239421337842941284e-02 -6.870072484016418457e-01 -3.700521076098084450e-03 7.266411185264587402e-01 3.617744684219360352e+00
1.151191999999999993e+01 6.815025806427001953e-01 1.257231459021568298e-02 7.317076921463012695e-01 -1.261991262435913086e-01 -1.130514778196811676e-02 9.999139904975891113e-01 -6.651215255260467529e-03 -4.251263290643692017e-02 -7.317283749580383301e-01 -3.739242674782872200e-03 6.815860867500305176e-01 3.627474308013916016e+00
1.161552999999999969e+01 6.355849504470825195e-01 1.137027051299810410e-02 7.719472050666809082e-01 -1.122732162475585938e-01 -7.475192658603191376e-03 9.999353289604187012e-01 -8.573662489652633667e-03 -4.276680201292037964e-02 -7.719947695732116699e-01 -3.211633884347975254e-04 6.356288194656372070e-01 3.636046409606933594e+00
1.171926999999999985e+01 5.897092223167419434e-01 8.860470727086067200e-03 8.075670599937438965e-01 -9.772777557373046875e-02 -1.689556404016911983e-03 9.999511837959289551e-01 -9.737508371472358704e-03 -4.313247278332710266e-02 -8.076139092445373535e-01 4.377868492156267166e-03 5.896953940391540527e-01 3.643617630004882812e+00
1.182277000000000022e+01 5.436697602272033691e-01 1.084756944328546524e-02 8.392291665077209473e-01 -8.318734169006347656e-02 -3.328343387693166733e-03 9.999364614486694336e-01 -1.076864544302225113e-02 -4.362783581018447876e-02 -8.392926454544067383e-01 3.061343915760517120e-03 5.436713099479675293e-01 3.650851964950561523e+00
1.192637999999999998e+01 4.970038235187530518e-01 1.377825066447257996e-02 8.676389455795288086e-01 -6.837701797485351562e-02 -7.018238306045532227e-03 9.999050498008728027e-01 -1.185844838619232178e-02 -4.401209950447082520e-02 -8.677199482917785645e-01 -1.956026389962062240e-04 4.970533549785614014e-01 3.657779693603515625e+00
1.202999999999999936e+01 4.515437781810760498e-01 1.561310049146413803e-02 8.921123743057250977e-01 -5.358588695526123047e-02 -7.317367941141128540e-03 9.998780488967895508e-01 -1.379544287919998169e-02 -4.448843002319335938e-02 -8.922189474105834961e-01 -2.986680483445525169e-04 4.516029655933380127e-01 3.663930892944335938e+00
1.213360999999999912e+01 4.090376198291778564e-01 1.363247632980346680e-02 9.124156832695007324e-01 -3.841245174407958984e-02 -2.040692343143746257e-04 9.998897314071655273e-01 -1.484794914722442627e-02 -4.467277973890304565e-02 -9.125174880027770996e-01 5.887173581868410110e-03 4.089953005313873291e-01 3.668995380401611328e+00
1.223709999999999987e+01 3.703655600547790527e-01 6.001154426485300064e-03 9.288666844367980957e-01 -2.264475822448730469e-02 1.565156690776348114e-02 9.997968673706054688e-01 -1.270013954490423203e-02 -4.487492144107818604e-02 -9.287542104721069336e-01 1.924191415309906006e-02 3.701964020729064941e-01 3.672533273696899414e+00
1.234060000000000024e+01 3.356665670871734619e-01 2.289935946464538574e-03 9.419780969619750977e-01 -6.496906280517578125e-03 1.998523622751235962e-02 9.997546672821044922e-01 -9.551974013447761536e-03 -4.513850808143615723e-02 -9.417688250541687012e-01 2.203193306922912598e-02 3.355384469032287598e-01 3.676388740539550781e+00
1.244411000000000023e+01 3.020551502704620361e-01 6.433632690459489822e-03 9.532687664031982422e-01 9.169101715087890625e-03 1.710199378430843353e-02 9.997797012329101562e-01 -1.216651778668165207e-02 -4.557155072689056396e-02 -9.531370401382446289e-01 1.997775584459304810e-02 3.018785715103149414e-01 3.680766820907592773e+00
1.254767000000000010e+01 2.716681361198425293e-01 1.370630878955125809e-02 9.622933864593505859e-01 2.547144889831542969e-02 6.568910088390111923e-03 9.998489022254943848e-01 -1.609571650624275208e-02 -4.639762267470359802e-02 -9.623685479164123535e-01 1.069391239434480667e-02 2.715370655059814453e-01 3.685003757476806641e+00
1.265107000000000070e+01 2.421620935201644897e-01 1.786709018051624298e-02 9.700712561607360840e-01 4.175597429275512695e-02 2.091058762744069099e-03 9.998185038566589355e-01 -1.893698237836360931e-02 -4.714542627334594727e-02 -9.702335596084594727e-01 6.614295300096273422e-03 2.420807778835296631e-01 3.689151763916015625e+00
