2.755859811995373786e-07 1.191203388770244680e-06 -1.672889145569300746e-08 -1.038461698212443342e-06 -3.792787228965574699e-08 1.438812141481510902e-07
1.191203388770244680e-06 5.996342591417591161e-05 -2.345026872882181490e-07 -1.761519767123080382e-05 6.225746875704317748e-08 1.052817413399381209e-07
-1.672889145569300746e-08 -2.345026872882181490e-07 5.538461445721195249e-08 3.881383943352154478e-06 -9.334629468451841538e-08 -1.692391878215408590e-06
-1.038461698212443342e-06 -1.761519767123080382e-05 3.881383943352154478e-06 3.423704791103439988e-04 7.139109538871049348e-06 7.443454700051636028e-05
-3.792787228965574699e-08 6.225746875704317748e-08 -9.334629468451841538e-08 7.139109538871049348e-06 1.201854406752808447e-05 1.576685803141173120e-04
1.438812141481510902e-07 1.052817413399381209e-07 -1.692391878215408590e-06 7.443454700051636028e-05 1.576685803141173120e-04 2.492381319530977742e-03
